10.44030650891055
3609 2859 3612 2869 
3609 2859 3612 2869 
3609 2859 3612 2869 
3609 2859 3612 2869 
3609 2859 3612 2869 
3609 2859 3612 2869 
3609 2859 3612 2869 
3609 2859 3612 2869 
3609 2859 3612 2869 
3609 2859 3612 2869 
3609 2859 3612 2869 
3609 2859 3612 2869 
3609 2859 3612 2869 
3609 2859 3612 2869 
3609 2859 3612 2869 
3609 2859 3612 2869 
3609 2859 3612 2869 
3609 2859 3612 2869 
3609 2859 3612 2869 
3609 2859 3612 2869 
3609 2859 3612 2869 
3609 2859 3612 2869 
3609 2859 3612 2869 
3609 2859 3612 2869 
3609 2859 3612 2869 
3609 2859 3612 2869 
3609 2859 3612 2869 
3609 2859 3612 2869 
3609 2859 3612 2869 
3609 2859 3612 2869 
3609 2859 3612 2869 
3609 2859 3612 2869 
3609 2859 3612 2869 
3609 2859 3612 2869 
3609 2859 3612 2869 
3609 2859 3612 2869 
3609 2859 3612 2869 
3609 2859 3612 2869 
3609 2859 3612 2869 
3609 2859 3612 2869 
3609 2859 3612 2869 
3609 2859 3612 2869 
3609 2859 3612 2869 
3609 2859 3612 2869 
3609 2859 3612 2869 
3609 2859 3612 2869 
3609 2859 3612 2869 
3609 2859 3612 2869 
3609 2859 3612 2869 
3609 2859 3612 2869 
3609 2859 3612 2869 
3609 2859 3612 2869 
3609 2859 3612 2869 
3609 2859 3612 2869 
3609 2859 3612 2869 
3609 2859 3612 2869 
3609 2859 3612 2869 
3609 2859 3612 2869 
3609 2859 3612 2869 
3609 2859 3612 2869 
3609 2859 3612 2869 
3609 2859 3612 2869 
3609 2859 3612 2869 
3609 2859 3612 2869 
3609 2859 3612 2869 
3609 2859 3612 2869 
3609 2859 3612 2869 
3609 2859 3612 2869 
3609 2859 3612 2869 
3609 2859 3612 2869 
3609 2859 3612 2869 
3609 2859 3612 2869 
3609 2859 3612 2869 
3609 2859 3612 2869 
3609 2859 3612 2869 
3609 2859 3612 2869 
3609 2859 3612 2869 
3609 2859 3612 2869 
3609 2859 3612 2869 
3609 2859 3612 2869 
3609 2859 3612 2869 
3609 2859 3612 2869 
3609 2859 3612 2869 
3609 2859 3612 2869 
3609 2859 3612 2869 
3609 2859 3612 2869 
