233 507
380 516
986 639
385 203
130 317
198 154
722 365
45 542
88 292
141 523
254 673
831 74
519 828
215 925
411 878
658 520
32 935
471 719
500 559
465 226
400 353
507 250
587 930
197 13
919 303
851 352
413 980
92 274
497 35
240 434
778 261
21 386
718 306
274 855
533 723
418 913
486 427
924 180
934 674
389 406
744 120
117 171
679 955
265 680
100 873
834 27
65 207
396 785
636 165
850 308
387 959
111 14
677 816
60 783
347 390
241 351
708 857
89 175
510 583
926 447
666 927
530 238
962 143
213 420
596 578
828 457
146 417
622 428
66 83
553 603
39 72
501 296
719 735
199 98
152 971
881 88
593 956
468 110
747 946
599 534
903 540
456 369
293 158
571 987
366 518
876 500
900 726
437 153
139 619
163 65
783 195
616 18
955 144
545 349
707 396
322 675
927 588
915 124
660 762
864 307
