6273 7888
9549 2245
2992 6733
3577 4132
2742 5847
3181 4192
2776 7055
1504 3097
2479 839
4643 4038
209 6191
7232 1666
7664 83
1894 9903
462 2878
8469 6271
2764 7264
8050 5487
7278 893
4991 844
8189 7174
1395 2796
4161 7300
2584 9511
5356 3680
5003 3135
1221 7137
8882 437
6013 3816
545 5316
3502 8072
5181 2970
5554 5931
1141 7467
5092 6245
1588 6605
4031 1906
9773 5818
2506 1945
8021 4779
4656 9178
4365 79
9213 3989
4488 4335
3246 3122
1534 6417
9444 8914
8101 4861
2528 4742
2345 874
5313 8786
7857 898
3243 1968
9902 4295
2153 2936
7797 7746
8282 3733
4250 775
8337 3773
3699 6232
8718 7647
3975 8953
1385 2790
2239 7169
4276 1427
5135 6669
8883 5088
3775 1325
6411 4782
3385 8446
5014 6023
6612 4870
1091 8393
7683 7078
5940 5957
5338 2096
4105 6430
3040 3796
9411 9876
7121 4527
5594 8422
4079 899
6084 5911
554 2673
947 1339
7388 4203
5122 8426
7189 7890
7352 9615
1469 3915
614 6409
1336 7029
5374 1385
6704 9729
6165 422
8829 1753
8148 3037
8591 2741
6711 1398
6491 9383
3618 8326
4616 995
4965 7171
6094 7213
4815 5840
2389 1418
5508 5633
1039 9380
9483 7421
282 7074
4299 3799
8901 9149
252 8782
6870 6804
6558 1491
6439 3755
4771 7375
4383 4832
7384 9932
6260 9127
6085 3185
5220 2018
140 4915
6507 7049
318 1460
7887 5848
7580 4629
1116 8254
2761 9657
3796 8493
2065 1338
8677 9661
9655 1374
3491 2608
7303 2224
2192 7980
2878 509
798 7956
1849 6197
1346 6897
856 207
3841 7292
389 467
9123 4399
8009 2060
813 1555
3002 4578
5452 9927
5061 3749
1702 5105
2996 3200
1819 2388
2307 9189
8259 2387
1290 6048
9784 9197
8563 7545
8134 6577
8548 2285
5016 6369
4172 3005
7432 9422
7546 4807
6201 9639
6730 748
2533 5103
5592 1396
1326 8486
3131 2046
8699 9759
2514 137
2976 7716
2157 2639
7224 5690
5583 8346
4623 8189
3805 2181
2216 5094
4083 5985
1636 9724
5033 4603
9968 4477
9908 4112
3891 9913
4432 9889
7564 8294
1030 9381
3078 4691
3507 1867
6170 6865
9238 2143
7791 2070
9609 4745
5585 6881
7458 667
2550 6532
759 1141
2843 4382
2766 341
3108 3339
3710 3131
207 2347
3838 9557
4523 2623
5035 8425
7795 2396
9523 2217
3905 6696
5391 6900
4325 7370
3887 1284
4798 2095
7769 6692
9040 1929
4632 2147
486 4150
3968 7430
5642 5643
9776 2855
9320 2482
4810 7182
3587 2881
5972 782
3744 5451
6435 165
1229 1322
1397 7274
5866 3407
7279 9008
7409 9054
5854 9425
7722 8220
9247 5685
6778 1464
3897 768
553 6543
1778 7261
2672 2595
8504 5722
501 9462
4949 6568
8867 8646
1148 8585
9556 9828
5891 6206
3210 3099
9939 5482
2317 9518
1868 4047
8519 7040
3500 4551
8468 7282
4142 4822
6071 984
2571 2047
4557 7772
8512 3693
7343 8290
4712 5050
2686 8623
4667 5828
9492 7028
2331 6719
6244 5159
265 8001
1248 188
3957 5452
7924 3600
73 8958
4050 954
8342 1701
7957 8587
7965 5328
2283 6202
8803 1456
9856 6858
5738 8527
1569 9606
9918 985
1841 3782
5625 4101
2938 416
3743 7676
9474 8013
3297 8784
5621 1408
2864 3747
9841 9343
6897 6789
3779 842
7785 1400
6248 4229
9161 4023
1016 760
7665 7536
8839 2265
5964 7668
5028 4093
3249 3827
7702 5617
4012 3273
2693 77
8792 9293
56 2612
4604 6756
2270 7120
9133 4312
1192 4393
8264 1823
8649 2229
8671 2943
4001 5738
7398 2979
5158 3467
9432 596
3141 177
2811 6980
1 1451
6056 9326
9874 8221
7789 9653
716 2863
2091 307
2629 7366
5617 7346
4566 5737
6918 1876
2043 6179
3790 1199
7113 993
4861 8275
3295 3352
7823 9315
3732 2439
3579 1035
4395 1357
7115 9346
2487 5131
8251 3813
9878 9277
3804 1079
8544 6222
1901 9712
4515 8274
1829 9946
172 6257
2070 4536
5888 4596
9388 1146
6758 6174
2327 730
8585 9170
40 6337
5844 1377
3056 1124
6732 7149
8735 9972
4751 248
2246 1298
4230 1769
1203 9043
3394 9787
1640 9186
7084 7825
4952 2906
2408 8481
9843 9379
5302 5646
1596 4269
3831 4270
6648 4296
3916 6508
2636 7239
8152 1453
1879 7248
535 3635
1557 400
4543 267
6840 331
7109 4246
8547 9484
7706 8730
1630 8337
4633 34
5954 8591
9830 8605
9909 8977
6422 3204
6384 2403
2600 7957
2397 1444
4872 8092
1554 3862
7703 9865
143 4748
2316 9322
269 5465
9441 7693
7255 470
514 774
1184 1244
2975 8192
9761 8979
4701 6752
6540 767
2793 7321
6119 5245
2000 6035
9465 6959
9713 4624
4126 5731
1984 4031
5826 879
8427 5955
4155 1587
9285 8732
8710 5337
5781 8327
5496 1712
2377 7979
9173 8039
3888 8343
2365 5844
3768 9995
6891 3202
6293 3236
6685 9611
9451 2877
1728 9010
6980 149
4214 3689
6589 3404
805 9788
5039 6203
6521 4122
3373 1363
6192 2016
1915 20
4525 6389
2139 1677
3121 5430
5321 5905
2570 8021
9260 9696
426 7873
2812 8112
9626 9009
5194 5002
1374 2520
2755 1023
1586 5376
9122 4727
9008 5804
9637 5835
3783 4447
3224 4106
5755 3191
8406 8876
9323 3807
7222 3803
3984 2262
7234 5033
3944 1888
7915 2222
4814 7492
9557 7915
3325 1873
8716 8865
6610 8820
15 3157
858 8090
5314 5112
2251 1721
2092 5333
3089 822
6557 7021
3429 9424
4649 3390
1816 5350
4976 7318
7732 3458
4122 7816
5238 6557
1334 7339
2160 7618
5404 5274
970 8919
6724 848
7466 2808
8428 6809
7065 351
7444 5097
5149 4529
2294 6542
9143 1170
2343 4124
4856 2818
767 3239
6338 5522
1164 6126
6436 2545
6290 1506
6960 1241
1710 3028
2622 3662
3874 278
9834 5568
430 2613
4261 7484
4517 2572
2914 860
1770 6291
2544 7758
1069 7401
2062 8148
4864 8355
371 5299
3302 5819
1312 9304
7959 7544
9970 9350
1386 3262
3789 8718
6665 9601
2621 2451
4407 6461
6969 1033
4522 8417
6030 9340
2002 5025
1898 1771
871 6033
2433 8091
6130 590
2567 6681
7628 4618
7834 6909
2380 2058
1900 9979
6103 4896
4317 7319
541 9305
5387 2036
2739 1905
4361 9015
7634 9851
2689 4650
9931 233
7687 5073
6501 9882
1564 1004
4726 2667
170 884
396 914
4264 8649
1247 710
7658 574
3042 1200
3226 8482
1527 9071
3823 6941
9979 3408
2249 6559
429 3219
2678 7289
9860 4340
337 3437
7339 9204
1459 7547
9668 8071
9315 7003
9386 846
6088 4194
9602 6825
563 9264
3119 1066
2507 7132
194 3791
1059 7281
9235 6084
114 501
368 6955
6567 7073
5157 9558
5962 3374
1820 6343
6064 2691
2587 7626
6836 4078
394 3718
1755 6443
3875 4683
6928 7515
181 4071
881 5174
4322 8079
5432 4826
9714 2919
8769 1700
2398 9613
1497 8477
2920 4735
7098 9415
3118 548
3191 1584
3337 130
4596 1826
6333 9105
4800 2683
866 197
6340 2861
3860 9987
6570 4592
9324 362
7380 6659
5797 4472
9863 8627
6236 8636
8650 5961
8149 1145
6536 355
2146 6495
5736 9768
4227 1659
7642 1103
9498 481
2839 5322
4496 7103
2723 4769
6438 1604
9740 9463
1956 7042
8276 5068
4830 8881
5378 9226
1094 2246
7242 3779
5502 8164
2376 7587
7483 7212
1907 5259
9631 4593
6301 5431
1475 8521
5291 7320
1493 6635
7947 2488
7187 4178
2370 4701
5956 6685
1299 8976
6800 6786
5119 2087
8990 1756
4777 2497
6116 6313
1102 8362
4840 6069
9665 5881
8503 6683
8531 7729
637 5592
6929 5821
6733 1594
644 8926
1099 6193
3426 5579
4252 3690
5211 9571
5775 3334
9254 2776
3354 8908
2637 8276
692 5742
4173 389
1706 2503
5174 3576
8800 8105
4929 6927
7885 5208
624 8451
9847 4542
5539 8993
122 8845
2791 5169
8325 480
4240 8716
8876 8517
4914 7519
2847 6602
7745 6224
6566 8100
4386 2101
1408 9666
7690 4044
4902 6662
5333 6894
9471 5341
8964 5802
9479 2658
4128 2794
9117 9681
1556 226
7136 329
3171 105
5904 8002
2069 8859
1505 3906
1803 9426
3825 5797
9696 9719
2004 3744
6416 9532
9264 6101
4298 2029
3807 5899
3920 2281
2445 8888
41 224
3664 3326
4332 2604
8662 9461
2780 5383
186 1497
2067 642
6525 6307
6829 6760
5717 9509
6993 488
5232 9173
7367 1564
9195 8055
7345 6625
4451 8750
1303 8844
5097 6505
1026 1002
8174 9562
4389 587
3604 3148
4792 2754
6332 549
4692 6157
8313 1355
9563 9216
5819 7930
4920 1292
9661 6562
940 8406
4876 8792
7998 7583
284 7715
2080 9506
4400 725
2394 7124
7038 5810
667 343
769 6489
3052 7159
4822 5413
7239 8027
2361 6526
2352 8097
6518 8850
9641 4156
456 9311
793 7895
7180 8828
8089 425
9825 1869
7793 2558
5133 5832
2266 1046
1431 1207
7145 8047
791 4648
1914 8040
5932 3125
6693 2973
6372 962
2542 9070
8229 6620
8127 1138
2116 7889
328 9046
1892 3810
1752 1556
8099 7688
5595 1511
4111 1691
4245 8196
2047 6680
3133 2084
1873 4227
3035 8268
338 1438
5192 8712
7032 9458
5239 785
8793 6673
777 4005
2417 5450
9600 2254
7505 3666
9797 9572
2758 6863
297 8483
6143 9762
9430 5936
8205 1749
4244 1877
4833 1755
4211 6902
9897 8588
7271 9252
4670 1306
1470 7173
8042 4165
9184 2508
4890 7502
7972 3868
2980 808
6828 9541
6440 5481
6760 7539
1944 5595
8003 7080
3245 6555
8580 2866
620 5644
1056 2817
5151 5816
9725 5618
4410 4019
8225 3775
8045 9101
4219 9074
8809 6693
5931 6022
8035 1640
3589 9111
3164 8178
9924 614
4452 2722
8208 9465
3910 5057
7914 3616
7157 4131
6025 5598
3347 8749
1515 1008
2497 4939
7108 3721
7974 5124
2729 3736
701 8873
9101 9168
6573 9151
4397 1389
4794 7951
5741 7155
6176 3684
8407 3209
339 8695
4618 2261
5531 9574
9127 5916
1811 8650
145 3503
5616 8721
809 6922
651 606
741 8542
7939 8808
4348 8117
5698 6718
7413 1426
1220 9643
3868 4763
7585 6970
4327 5118
3826 8967
3556 9853
1242 8146
7803 4858
7403 7493
1369 2637
3748 5634
719 821
7631 7770
2936 673
1183 2067
7827 4563
4519 1889
7541 2473
6076 6714
303 288
3039 8922
4909 9239
6197 7237
8116 4831
5889 2930
9634 8762
8885 7059
3104 5324
3189 4073
259 7927
9088 5683
4972 3240
4007 5227
3627 8461
9804 9704
7605 5894
2590 4243
8012 7991
300 1226
5850 723
6569 1406
8404 1037
2665 7787
6575 1285
7620 4640
4514 8719
7622 2299
4363 4372
9319 3276
5652 6579
2339 6856
8109 5313
7666 2761
4507 8963
5426 4889
5327 4916
7438 6886
9358 7678
896 5480
4320 2074
8267 4654
4808 8674
6502 7828
9652 2097
62 7939
8242 6682
9311 747
8554 4689
4310 7984
1981 2295
6748 9824
6776 7596
7080 4219
1292 815
1866 2249
4355 6950
4750 9400
2235 8430
7133 1346
457 7639
8587 9084
6011 3618
6078 3811
3661 8096
4217 3972
7488 1088
8249 8086
2355 7658
6791 453
7322 450
7881 9973
5047 5508
2832 5513
3585 2539
201 4181
4787 2546
6853 8193
9032 7482
4516 486
7235 814
9378 8231
9895 9376
192 5126
1296 2234
8612 1911
2769 2510
5683 3933
4960 8637
9775 9051
5153 240
8195 8270
5730 7207
5262 4206
7287 5293
3425 4721
130 2806
9245 7350
3576 6265
8845 9671
8083 3446
4010 5106
1828 8631
6901 6710
