8833 1338
4739 3355
493 3487
3441 1541
4216 694
795 6361
6508 3739
6164 5454
2197 4690
1333 410
7562 725
125 2137
8559 9236
3976 3225
424 6427
1191 3343
2620 5991
9824 8785
8698 6953
6583 4273
5709 3937
8769 1939
1109 7865
6577 7138
386 5958
4074 8345
9222 363
4585 5032
7026 9640
9268 7175
1565 2749
4562 3919
9213 25
1831 3561
8102 2654
5066 232
2120 4753
5057 6333
5108 7753
4130 9930
8307 1296
1317 8835
2267 2672
3985 5731
5155 4895
1942 5593
471 7625
6713 602
8287 2780
4931 8095
2935 3368
8581 2346
3054 8386
7734 8717
5428 9256
8407 7318
7394 5101
5444 422
8520 8012
5533 1474
1119 3747
332 2537
1684 1850
7771 3593
7957 3062
4286 2809
7846 634
4157 6867
9513 4633
4188 5464
2785 1755
3035 5383
3063 6544
8396 7307
4667 9796
6884 7461
3695 6129
3496 3799
7815 2479
6060 8102
7074 2430
4907 4353
8368 9871
6229 4269
6264 4210
4939 9437
7723 4983
6115 1428
5085 9834
8486 6489
2272 5084
2600 672
4849 2186
8664 8868
5256 5586
336 9018
3094 9794
1959 2
5483 1234
536 8643
9529 3566
9058 2208
4159 4881
6419 671
8712 4590
606 66
7254 2721
110 914
2363 9285
9750 2177
8135 1846
6111 3827
4336 2116
7178 4722
8466 9142
2271 1758
2185 2961
6385 918
8642 9681
1201 6806
5445 751
428 4277
3173 6127
6677 4677
9461 5047
7803 9498
53 1182
2339 883
6969 9105
1051 6176
6238 4957
4086 8669
4794 6089
4898 8047
228 9819
5156 5249
5607 2534
43 1295
7842 2997
7333 4879
1654 534
5836 5817
8014 5102
7819 9841
9407 6392
2907 2267
1939 5852
3977 2409
5449 47
7931 7289
6397 6971
1733 1073
3187 1913
3288 1598
7809 5678
1551 4556
1746 2787
6475 6281
1874 1172
2823 9299
2601 8232
8483 964
5635 361
350 8330
9279 5665
2715 2892
6108 6781
8479 9247
8720 3127
4982 7112
3121 6741
9794 2805
5745 7575
2453 6688
9456 2806
3744 4710
3160 1542
9793 4918
2255 8741
2347 8772
7259 5244
2006 7133
9806 9150
3647 130
5269 781
8221 8451
2349 8664
3110 1512
2698 8397
4937 4803
6800 4423
3304 9530
4717 6753
414 9845
6791 3142
4744 939
69 4055
6548 599
4508 2132
1971 5410
7867 5312
4457 700
1608 8352
6850 8262
7599 4799
9114 1284
1523 5930
7683 9696
1241 4458
3909 1943
736 7486
9190 4209
7420 5378
3407 2972
9641 1552
1 6450
2237 8799
1865 5341
7882 7987
4201 7545
287 14
9080 7490
1204 5489
5744 9385
3003 6743
8414 9469
7231 8015
5262 1781
7924 1579
7401 5691
6668 4841
1031 4233
3132 1223
1090 9271
2841 4538
393 5577
9897 9562
83 2646
1187 3132
1771 3178
2856 5442
4643 1420
475 413
9767 119
7350 8245
5804 2743
8743 2049
6382 8798
3122 8831
716 8011
8949 3356
8694 6280
180 7673
1823 3587
7065 5375
4851 6069
4533 5735
1849 5806
6456 222
2939 7783
4360 5077
1149 4451
1858 6079
6357 8138
6960 2865
2094 3481
8565 9387
9284 1543
5995 1398
5843 296
6723 4097
1277 3997
729 2230
2982 9688
7855 9776
81 4202
6109 6142
2615 5377
7654 4867
5617 5187
6428 958
2965 4239
8452 5058
2922 6389
8440 7982
6124 2060
3827 5019
5474 5732
4154 8261
318 6215
342 255
1490 6131
2365 813
358 9993
8210 5717
5175 9729
8057 5792
4072 9540
9992 7073
2162 5351
2492 8823
2494 5562
3704 5149
1153 5760
1853 754
5326 7423
8719 5775
611 8902
3662 4217
774 3301
8609 1198
519 8488
5395 1822
8544 3321
6849 6398
1624 5327
8315 6597
3650 7550
4182 6574
2713 7988
4603 5913
1788 1446
5426 2416
2985 1425
3404 5465
5682 7480
8120 9988
3022 2995
824 7396
3743 9138
3694 7082
2460 9893
3475 9360
6056 7247
9108 3968
9777 7309
3247 5280
5456 7210
9305 9502
8337 3059
9356 4686
9030 5387
1159 3703
4054 5095
7827 4527
3367 1683
9855 6456
4827 8078
6530 9433
9355 9208
8166 6383
5296 4744
426 921
1933 5097
7584 8701
635 2560
4080 959
8021 1000
7772 7660
7975 8113
2652 9746
9409 5637
9398 116
5055 2079
1655 6920
6868 5339
2941 4415
2261 880
2834 9602
1417 5911
63 398
6945 2486
6407 8525
4063 7110
8734 3554
3579 9959
1020 9552
2308 5836
8611 7892
600 8760
1962 5349
7795 2715
2656 2880
7424 8811
1747 9334
299 5004
5218 5440
4181 2818
6099 6612
2731 6658
6944 7514
1321 4265
2621 13
7086 2582
4345 7408
6339 3751
4925 4842
4710 1854
7361 6246
5605 5571
5934 4571
2195 3645
1302 6000
4989 1486
6790 4034
3869 5287
2070 2155
789 2754
1856 9312
6973 3490
5195 5374
6183 5720
5612 9762
7423 6992
6557 2951
9209 3187
1770 3396
6675 4119
6962 4947
7981 246
1115 9211
6486 2964
6590 9331
8176 7434
4449 1835
6795 9463
5802 4101
6324 3067
3702 2898
5114 6625
5154 9939
1960 145
1750 7178
8646 3457
6380 2171
7053 3393
248 3982
172 4272
9034 3699
8015 3892
1198 9479
8370 8128
7119 6097
3000 3207
754 2974
6604 8746
3358 5284
2011 2633
918 1135
5755 8135
2757 1583
8107 3947
5628 7011
8674 9541
9778 4935
5379 3222
7080 1153
397 4962
6340 8175
5348 1449
7779 1108
6987 642
1403 1258
2290 5053
2331 6833
1399 1241
731 4542
1255 4145
3626 7275
3537 3711
9504 3438
1585 8949
162 7842
7165 314
8168 1774
5385 4714
9048 3793
3601 2458
1363 895
5548 9025
8273 4433
1656 2801
6030 6136
6249 6696
3682 6085
8382 9999
7273 8013
3208 2511
3703 3243
3678 6237
6242 2904
5753 9019
5818 9536
4331 600
1541 6045
1909 4044
945 8562
6523 1224
1555 1062
1657 4000
8704 7798
4515 9630
6706 8804
976 5812
6831 7107
1030 4932
5061 1003
413 707
1132 6209
7223 9066
9258 5230
7430 5805
8836 4303
4636 6024
495 6827
7831 500
1366 2323
2062 659
4890 5203
9107 979
89 3790
460 319
4708 3211
7297 8403
1227 7169
1478 6178
3341 4449
2417 577
1885 3670
9650 3214
8114 9671
5084 9880
5997 7411
4116 7042
6971 8700
1884 5062
7030 1441
9439 6213
7427 3791
8002 3616
2286 9192
6926 3622
6599 8242
1527 799
3251 5761
9031 5774
8059 9922
4297 6344
5342 1315
6215 5907
4002 8153
4843 4396
9889 5344
5440 5476
294 3952
3408 199
4691 6041
9901 4141
767 9838
86 6655
6689 2724
6049 8493
2443 3803
5244 9887
7573 4115
1637 1539
4169 7401
4468 4399
8394 1894
2671 6569
5961 2871
1264 8384
3047 407
3041 9738
6255 5266
5346 4531
4847 5259
5723 8900
4339 7223
1388 2644
9949 4514
28 3822
3575 2070
7412 7258
3712 923
4143 1054
333 1963
5475 1918
4410 2912
7725 1654
4097 4773
9963 2091
371 4774
367 9955
8128 6575
6197 4638
8998 720
2456 8998
2051 8704
8691 9503
9701 2265
856 3436
4445 9427
6878 357
7921 3570
505 2915
5881 9677
753 3415
7380 7791
1803 2025
4607 7352
922 1194
3195 9800
4399 900
7536 1112
657 3240
6834 4884
7224 924
219 7521
5585 7215
7170 374
1382 6369
5299 3601
9306 7464
2071 4336
1509 5381
3280 5528
2028 8074
403 771
3233 3354
4424 1279
465 1362
3598 1884
1524 5587
3787 7237
4938 4630
541 26
6360 2119
7337 5246
8299 9280
5798 7529
7417 2059
8693 9906
3853 1229
7774 5317
596 311
6718 5986
2274 3784
5608 2648
4255 4952
7182 8139
1564 1410
3186 6948
4940 3017
3082 1493
1706 8863
1550 5088
2739 151
3203 4412
8233 8056
9980 2104
3845 4172
6845 4830
6381 7912
6528 784
8800 8506
325 9058
8549 9747
7606 8400
2831 205
6822 975
565 2812
5490 165
9382 2895
1534 1388
6760 2875
2247 7254
666 9759
5020 5435
7655 9937
1807 3154
9597 426
6609 1325
709 4524
1014 9527
8448 1602
2832 1770
9485 6553
2444 9496
2745 7349
5092 2946
4500 6993
2479 6334
193 3975
5604 7037
9092 8084
2263 3233
5560 5080
3166 8833
1087 3194
9595 7922
6142 117
3741 7591
8762 8007
9563 8719
3415 7477
6227 9010
2723 7668
7743 4329
5661 7418
4977 6810
9177 6855
4650 4850
463 953
5543 3169
7868 6997
1722 637
5219 7384
5041 4608
1775 5289
3699 4505
3935 2480
1573 5107
5412 4231
8616 2954
6472 9737
4467 8463
6371 3773
8154 5029
9262 3307
5724 7558
4688 916
7791 250
1538 9116
9287 798
8229 7039
2150 774
1216 6054
1387 5602
2971 8220
245 2736
8626 3439
8133 6188
6467 6543
1931 4371
5214 2597
9841 2513
8097 3848
113 3623
7019 605
496 2514
5032 7198
3786 8383
9781 70
5514 1951
8496 791
6913 6737
9612 6275
8356 4522
3114 1031
9008 2855
6398 6685
5973 673
4478 1350
2607 8532
632 9698
8108 1649
6459 6171
9454 2497
8076 420
5654 4779
8755 1516
6855 3136
3805 3159
5053 451
1613 8089
233 5830
7977 2888
1840 7582
411 3959
9424 6711
5105 6096
5962 3474
4322 9928
6807 9854
1791 4313
5309 9209
8904 7526
2999 7457
5647 5943
456 9764
3770 4319
1730 4984
3315 6231
2285 9990
329 1971
6355 9891
3532 3437
8374 6757
9645 8542
4763 3479
4587 6052
792 1391
1890 2309
717 298
7590 7407
6483 7424
6067 8279
9278 4309
866 9306
5582 8896
2587 9346
2329 1096
2464 7700
1498 6967
4199 719
4579 2465
8689 147
5722 1468
3157 1275
5149 8560
7905 7282
603 9112
9755 2869
2961 5909
282 7340
6119 9778
8165 6589
4903 2075
3211 1454
2050 5908
246 1691
4441 4499
3377 3674
1003 1426
9639 824
9811 2107
2233 5778
9406 4654
1121 1249
8573 1594
2130 480
2813 1910
3688 1306
4835 5471
7262 5222
4212 2425
3847 9136
4645 6472
4610 7654
4241 2195
1434 1844
7362 8796
6194 3382
8311 4899
7513 6874
6714 8046
1631 103
2057 3877
7947 9883
2236 4576
6871 2788
9619 4457
2215 8043
1398 7593
1334 7390
6089 2449
5265 7238
2810 5701
7851 8653
3722 2183
8184 2579
5178 6690
7919 201
9509 1773
2143 7040
2320 733
7324 6608
6550 5764
8768 7910
7443 3249
2376 4157
3426 3888
7405 6048
9479 2229
8303 8061
1418 1761
2410 5194
3889 9924
224 8356
2809 8484
6541 9942
523 1355
6862 3609
3888 2925
6705 8490
724 8656
4015 5035
7959 3048
5630 5094
8418 2464
2964 2971
3077 8140
6054 1633
5325 6159
3366 6999
6212 6548
2489 2781
5232 1863
7232 3074
4785 3103
2253 787
2439 8667
5905 7707
1888 727
4957 2087
8470 8543
7972 3047
3042 7761
6515 4816
7073 4546
7514 85
5361 6957
1428 7249
8601 2485
2838 1287
5250 5089
7801 1436
5650 2126
2890 5658
3069 1727
1713 8071
5253 4902
7218 9135
6240 3640
4732 4575
2855 9409
1028 1114
6891 4492
6122 5582
9523 306
576 6775
1346 200
9452 1528
8821 683
853 2180
5350 2160
4407 8158
7450 1133
8034 970
9766 994
1638 6666
1054 5616
9017 746
5248 986
3516 8552
9960 487
8910 9450
9387 4730
3131 4196
6701 182
9943 1447
3050 1715
6438 8027
9289 3866
9684 877
3933 207
546 5783
2589 2342
259 5544
3593 3958
7219 5382
1380 230
8880 9342
2435 7489
1529 6487
1556 4782
9829 5197
3029 9818
9998 3433
8389 2819
2171 6975
2564 1332
1721 1624
6352 8878
1676 3943
5181 2140
9487 4386
8630 7544
5242 3957
6953 1701
9501 957
7904 6700
2910 4323
6722 8556
9728 7830
5758 2050
9367 5190
4191 2003
3295 2236
