486 241
276 344
674 373
542 381
683 524
359 587
147 830
391 784
12 513
384 184
495 29
281 391
659 843
830 880
472 441
708 34
886 532
616 27
234 228
572 692
2 438
678 45
640 398
149 210
451 791
377 622
167 106
348 772
928 564
216 226
61 183
591 80
839 713
205 281
77 38
526 444
704 284
967 511
346 353
698 617
415 653
818 744
863 54
90 527
20 471
941 378
63 214
840 348
937 289
978 467
522 488
229 714
94 877
434 493
455 246
116 172
677 476
946 563
139 997
553 187
321 194
904 785
637 767
980 970
168 934
714 974
907 7
53 275
569 790
176 821
520 350
836 990
86 248
411 815
623 9
429 514
685 41
611 254
481 634
489 119
624 370
394 560
555 516
32 159
657 25
744 331
85 904
197 807
807 685
680 852
268 287
365 655
372 121
887 236
707 803
395 540
690 515
318 489
117 502
259 643
