586 792
34 99
440 453
495 171
592 827
16 196
212 971
474 358
833 444
504 425
844 457
285 252
670 698
831 282
165 147
36 633
534 535
502 183
336 886
78 123
256 274
976 467
978 310
764 169
370 677
46 665
431 966
881 841
143 179
618 797
364 181
391 492
432 999
291 356
847 336
692 446
269 230
468 6
179 558
703 730
311 45
678 340
372 919
137 328
962 249
787 82
972 269
246 459
451 415
629 597
385 163
974 400
597 943
5 891
242 508
138 690
200 915
932 248
959 754
550 538
375 933
791 279
920 533
952 495
322 617
683 512
563 65
462 996
447 502
482 691
67 473
669 920
599 411
333 140
865 431
514 555
161 599
863 992
230 552
423 398
245 931
38 719
33 170
509 573
309 452
838 102
622 426
674 849
74 37
547 893
876 3
83 450
154 549
394 67
581 52
384 359
616 95
907 156
116 112
795 623
