2970 6385
2013 275
7354 3715
5482 9036
3924 5031
3244 9789
8021 7166
8095 7286
2998 5129
7861 3120
4842 4347
7510 1845
4335 6936
3214 408
4159 9648
1934 3422
5316 2469
8555 4854
2857 644
3843 7133
2770 6118
3890 8333
3281 4607
5989 5543
9430 4013
8319 6032
3308 7606
8089 7897
3541 7235
4898 5263
4342 4332
110 3004
5616 5344
6642 8998
3612 9917
6651 2386
8813 7233
5668 1785
9724 441
9392 1409
8631 5761
4459 8735
4417 7373
9830 6391
4968 4740
9042 3475
1882 497
4610 1809
7822 1101
9305 244
8205 4020
2379 2397
8128 1396
2626 8492
3111 6754
3389 699
7160 562
2153 950
6669 4408
8413 5028
7870 3658
9401 6995
1659 4673
3298 8192
9641 1
4251 5086
8753 600
5565 2101
8928 4225
7690 1903
1454 9463
8056 2658
2424 889
7825 9054
2494 7039
8020 188
1292 3110
4089 8180
1518 6087
8905 5741
5775 7230
3341 746
6445 797
9484 3350
8728 8789
104 1998
2178 6148
1429 2727
7838 8994
6557 3481
6632 5824
2972 5079
6314 6529
6820 8684
2118 359
4439 4897
6504 6276
5909 220
2352 4636
5499 6121
5546 8335
4939 5303
2066 8428
7110 8243
8867 1856
297 5635
9361 8246
6941 8245
2393 1257
2668 8790
6986 4732
94 1347
8429 5550
9114 9454
9154 6507
7520 3131
8987 9270
144 8613
9946 4227
4217 884
6915 2367
6618 8267
7859 7202
9149 7452
7733 6548
6805 5565
2472 9439
3688 5132
2821 1253
2882 6009
6038 5496
4865 6533
8122 8357
960 4494
1535 7431
5769 8211
8850 4734
2926 1206
8581 6860
2475 3570
3464 2812
4297 8532
1252 3499
2674 874
9377 3782
3779 1830
2136 9334
4917 4253
1742 3846
9622 8925
6126 3301
1059 221
5859 3890
5383 7857
1456 3053
9880 5190
4370 6622
5695 1692
2799 3575
6498 4932
6684 5539
8403 4936
6707 8420
8551 171
181 418
4477 6370
7117 9447
749 4037
9258 723
4200 3549
6591 2374
4482 4416
1469 543
3532 2306
4655 3829
2660 7615
6130 7419
2235 9964
7174 2040
1465 2524
1755 9992
5362 1989
4263 4379
9137 5826
7635 6295
8688 1189
9384 7693
1441 4124
3588 7401
1242 8512
7661 586
5168 9630
1533 8061
3611 8777
5960 8366
8831 9100
8047 4476
8678 814
8306 767
6233 3335
6606 3888
5050 6159
7463 4097
338 786
8338 3606
3120 9996
3340 6700
288 7765
1364 9651
6507 5858
5984 9890
1083 9744
9460 6712
212 759
4596 3892
3498 7082
4038 924
8828 5021
2294 5353
5145 9401
301 4958
3769 4065
7314 3409
4514 8533
282 6378
8632 6155
6954 1826
8385 811
2731 8104
4400 8817
6795 1807
2242 3603
8183 9915
3972 4221
4505 957
7779 7412
1000 2599
8621 2501
9933 8171
5742 2563
8299 8388
916 2517
7444 7289
4790 7944
4700 2822
233 4268
3116 459
8523 9682
9326 8581
3539 5030
372 9272
2746 9961
4871 358
3868 7958
3088 1021
6750 9999
1093 9593
9033 4659
2894 8258
480 3194
7437 5629
8929 5669
4082 5811
7529 1372
1371 7705
7975 2388
3417 6146
3093 4222
7283 9645
5287 3304
4315 6336
7099 4760
4896 1637
2177 5439
3215 5095
6197 6238
5399 2586
9060 1933
8829 6643
4298 3186
6111 7195
3513 8918
580 3234
1037 4940
2371 8619
6411 5381
1094 5546
1473 937
8076 739
4235 3910
5721 6597
3481 8675
7817 9597
1127 1626
1173 9994
5900 6551
2493 2467
5580 855
5477 4646
7063 7773
5740 9237
3271 1200
604 5483
4731 7359
3436 3026
3871 8264
2991 102
2480 5467
5654 8319
3320 1095
340 9911
9656 6562
578 7515
2058 1883
9185 503
5305 2188
2461 5963
903 1491
3953 3393
2645 4594
5552 9514
4979 2805
9058 9169
5278 3407
9578 3485
5272 4974
8507 9614
9546 6262
5442 8941
4243 1237
4660 6783
5835 9567
3829 465
6029 165
6847 8327
6840 5288
5979 2468
8757 203
1911 5804
4491 6233
7622 8505
2505 7669
3392 8538
8035 6492
5913 5595
3778 1866
7667 888
4632 9815
3129 2072
7823 9018
2403 8662
4239 1602
5031 7020
6288 8100
5647 708
4225 9650
8057 7920
5062 5282
3162 2204
4821 9491
9355 3483
359 5121
6380 2399
3774 4543
6446 8194
738 8792
8533 8639
9790 3011
1761 5976
5841 5859
902 8115
6457 846
6932 3334
1134 3339
5883 4714
7874 8863
5655 5638
9094 2268
3272 4080
7006 5641
4951 6345
8947 5879
6413 1314
3971 9659
8598 6312
1286 2705
3669 9729
1151 1398
9533 7239
8432 9035
7023 7029
5578 4565
4276 3834
6922 6778
5844 3308
5125 4598
8888 223
5993 1380
9360 9631
5804 1644
9650 4901
3011 894
4614 7630
590 7
5167 5966
335 1132
3076 3373
6281 5750
3970 3980
5368 3629
9212 4678
7945 8513
1778 8149
7703 9632
4897 7517
5284 7034
2351 7972
1305 7247
4868 685
3695 6820
4432 7539
3646 5955
6696 7091
6664 8519
3381 5974
1150 3446
1996 5607
6792 4613
5122 2876
5206 4455
5544 5352
3382 1952
509 1267
1419 8323
9119 3619
9463 2283
2658 84
2689 5762
147 932
102 8212
9009 8044
2169 7619
6389 8455
8693 6582
2045 477
9267 6539
2211 690
8373 1083
3432 4717
6701 9511
6648 9974
3596 2316
5550 7366
2279 5616
9559 1192
6337 7168
7056 9012
780 1274
8922 6232
6217 2391
3348 5823
8107 6242
5376 4179
7451 2113
7595 236
935 3510
6783 337
1477 6219
689 1197
8490 8321
9739 4447
4126 4410
2562 7562
994 2326
4438 8214
2114 3657
5541 5732
1828 3169
436 7966
843 7073
469 9247
1814 5268
4952 6660
5459 5664
4872 4875
7482 3899
2399 1985
5540 3605
6442 5943
4740 3119
1337 59
1025 1223
3822 8981
8663 4884
6875 1884
1131 8094
2104 4787
8580 5870
5238 5389
4055 5085
9153 3343
669 8450
266 444
8368 6491
9798 2699
7299 5666
1879 6726
6239 8472
5520 7988
1267 7906
8298 8085
6918 7935
1949 7148
4442 8408
3021 2510
809 3704
5173 9351
736 5889
4921 2285
3456 2956
6907 6802
2873 5799
2285 3755
7748 1532
7588 8226
8275 8045
3956 1657
776 3016
2442 1737
8461 9105
5641 363
5945 9971
4536 2165
8227 2051
2917 2250
9994 9672
6203 208
7356 7014
8600 1450
3561 5330
5921 8325
3911 3631
5435 5304
9898 7845
7753 7477
6398 9663
5731 4100
8105 714
4078 2817
7009 8682
8908 8197
6386 2494
2375 6321
7706 3887
379 6480
5897 1092
2568 3522
9032 1175
3373 1281
8139 4866
7631 3342
5073 3798
6995 9157
3859 9527
1905 124
5013 9775
98 3532
739 536
1439 7804
7833 1804
4028 6626
1427 1666
6160 1160
5959 2886
684 9808
9155 1624
4784 6773
753 2598
5425 5710
5659 1730
3858 3497
8999 8056
1537 2295
2096 8145
9833 4865
9661 5103
9677 5416
2744 8597
3932 6457
2849 9638
5573 4448
695 6101
7138 4688
9336 8076
4568 2949
6427 3908
2059 677
7991 9283
3460 9918
6021 2745
2559 7888
2464 7190
1369 1146
4192 7854
6957 1689
9728 1135
2995 529
6121 9502
4177 3392
9748 6747
6278 7139
9322 4045
1276 8049
4223 2829
7788 3395
8885 4180
8548 5850
4652 3171
7567 8122
9519 518
7541 8880
7026 1339
7304 1573
2856 4204
8125 4155
8873 5171
8067 2693
8361 5774
5719 6351
8739 1208
657 9979
2836 9324
9197 4119
3057 3202
6087 2486
9115 9160
764 5482
7778 7107
2317 1379
883 4251
2736 4664
3668 4985
1507 7440
2695 900
1118 9788
395 3291
5458 1662
3963 5481
7691 5852
4060 8882
7686 7414
200 519
2851 2079
2468 7380
6578 4170
9695 6591
20 6078
5 1996
6229 7474
6953 9459
629 9684
3324 7712
8979 3914
8579 8174
9574 5076
4647 2686
1822 7273
3573 5476
8634 6012
5077 6047
4366 7167
7034 9428
6771 2985
4544 6752
4195 5345
5561 1959
1986 1210
572 4649
1980 4009
9053 176
6194 1028
897 278
8346 5633
9138 3935
2143 5143
5412 1919
1938 3104
1701 8818
1913 6025
192 1755
27 6795
4218 5970
7679 7077
7460 2562
1357 5714
1663 3065
3016 4702
7658 1698
124 2156
6951 6892
5857 7045
7158 8649
3455 6648
8941 3638
2345 3960
6965 6172
9356 7207
6686 143
6113 1582
3145 3223
9562 2052
4886 2342
277 9199
2496 1371
8498 8338
8802 9686
5763 126
3160 4387
7462 3028
6699 3317
9633 4618
7885 9462
3158 5433
585 6348
8226 2260
303 7827
8457 9718
5507 9969
4727 8979
7264 9605
2029 7559
6523 7025
2938 8199
8369 4344
9903 1881
377 2174
168 1084
2012 9226
5129 3940
4860 2906
66 222
1119 6107
6844 7261
1699 5552
7649 4953
7540 1907
867 6856
411 2892
1876 698
3930 8884
9315 5233
6156 17
358 6288
1049 6891
2269 1928
1031 6742
7609 7979
5583 4581
5582 1042
2072 3751
6530 4689
8818 5073
1848 5062
8282 1746
6655 1901
9582 9739
1418 9817
7674 5875
6354 3586
3032 8326
6129 668
8246 9386
8321 2973
7012 7654
1285 911
9976 5015
3474 8041
2850 38
3756 6005
8310 9683
956 8386
872 6177
4362 2669
7103 6916
628 622
7618 1840
4645 9701
5597 4474
663 1633
1652 1039
3339 3382
615 9572
7915 9909
2179 4182
8564 2119
472 1540
4902 4698
1257 7061
8138 5227
5895 8933
8031 8515
2157 7778
9749 4220
5448 2644
4339 5897
5590 3003
9958 8834
9983 6314
5037 9874
804 9127
7150 4109
6312 2954
8541 8480
1155 7343
1099 9209
9029 3740
4762 5514
5322 4153
3465 8602
4957 7645
4941 7069
5713 4874
654 9647
4828 7748
2531 1715
3358 4585
808 8282
3883 9612
1494 6081
7903 9254
7601 1225
203 1473
4796 2608
6370 9769
3051 4532
4224 2088
4379 5838
6363 4857
7037 834
3958 8163
205 9642
672 2379
1796 9232
5849 3043
2087 8442
515 2122
231 7648
7909 8626
5039 3381
402 7325
6253 1336
6737 3263
351 8065
8633 6442
8653 4510
4484 471
4702 1362
9216 1951
2997 6505
1527 4151
8217 8563
8484 6956
3486 783
8719 6974
1428 9837
52 1445
4777 7135
1530 7248
7562 3062
3397 8202
7866 1533
7286 4860
5325 7782
5009 3139
9318 2301
4424 1687
4101 8958
9253 9750
6008 5424
8316 6895
5569 4138
3516 8764
2506 901
5354 2937
5675 5383
3457 3324
8806 4033
8114 9040
5274 4791
2133 1945
8762 7126
1041 7228
1060 7607
7561 1969
7064 1069
1343 4301
9870 4756
8337 6134
4006 3847
4418 5658
4758 9495
6726 8406
1610 4493
8641 7252
5484 1375
6526 8330
3075 9164
4214 3162
2930 9
8991 6875
3300 6447
7656 9274
4854 3115
442 7302
5303 7209
4747 2286
1400 2506
9450 7588
588 627
8344 5101
4623 2835
7017 4612
7038 285
3333 7460
9337 6026
2089 8503
1513 8677
9551 4722
3433 1469
1798 3204
6325 3579
1265 9792
1594 1761
1813 9636
2076 5306
3660 7538
8464 4560
5903 8399
7429 1367
41 1215
6479 6445
9378 8592
1776 6792
8007 8570
9689 5692
3575 3724
2757 1735
4464 5797
7493 1920
2210 34
2190 2090
1861 4570
1789 3645
2653 5878
431 7719
3423 3423
5268 7830
521 1805
337 3101
9038 9137
5748 7977
1506 3078
8845 382
2383 9121
4905 9022
7078 738
5634 5239
9940 2743
7931 8391
4958 3717
6898 9318
9916 998
6586 8238
9956 3613
9405 7315
5850 32
9881 6508
4920 2487
6733 7695
2536 6381
5235 9083
7212 7361
8787 5284
1366 3625
2610 1131
32 7723
7725 8559
3544 8013
5291 2725
5924 2442
595 8227
9536 5497
7395 130
5487 5778
1656 3134
1070 681
1531 5335
3856 4523
9985 3727
4850 5662
