186 348
126 810
678 832
460 853
343 844
246 674
203 558
975 481
502 91
644 504
506 152
188 490
492 156
303 502
470 81
909 256
271 664
201 95
260 557
921 361
709 209
121 955
333 933
535 803
692 645
781 403
807 812
179 593
887 838
967 546
831 698
241 777
174 540
244 7
206 137
753 792
375 706
590 868
520 906
207 90
830 988
694 410
914 837
895 415
775 186
856 395
989 427
222 133
734 278
307 725
272 407
7 697
351 719
416 370
226 147
791 344
745 347
946 748
551 867
355 626
608 309
587 935
540 130
279 445
846 716
277 555
615 885
726 19
311 921
566 586
118 434
289 150
489 787
582 167
513 631
149 757
508 827
701 668
814 913
647 437
813 6
165 527
195 570
212 573
663 848
703 470
826 562
448 104
135 9
417 788
526 622
987 789
588 264
104 433
722 761
960 414
603 492
266 940
548 572
865 484
