371 512
481 671
493 24
292 992
427 148
233 725
458 238
6 942
420 416
875 919
674 379
729 34
266 553
244 45
651 676
228 666
11 410
304 619
310 328
835 489
344 524
683 685
146 976
975 834
762 802
617 698
318 672
23 850
809 837
226 73
618 234
260 981
21 104
915 994
158 96
828 555
621 125
684 249
647 10
29 404
476 641
468 48
614 941
642 864
721 117
982 756
230 704
802 50
973 868
999 784
265 403
431 157
807 922
89 654
357 711
507 262
434 246
530 183
659 597
177 12
577 245
301 539
593 251
46 119
290 107
86 657
853 151
810 275
7 398
536 417
383 40
241 415
502 476
159 905
317 748
312 478
325 472
472 267
465 929
68 61
169 32
717 966
494 203
746 438
871 684
14 944
456 515
863 394
886 106
504 832
15 222
861 955
487 426
716 648
815 111
126 291
466 936
933 467
628 445
81 145
