928 124
741 707
703 129
806 799
785 595
902 439
927 354
155 230
267 120
691 929
651 623
870 54
993 532
104 199
894 447
336 177
587 984
999 860
174 83
28 118
422 803
417 906
77 301
106 3
129 830
327 668
486 818
595 323
461 689
979 748
214 412
205 469
325 544
641 775
931 782
698 743
344 56
337 856
438 684
95 169
643 121
531 467
825 571
862 342
504 13
415 75
84 588
212 766
983 112
249 96
36 341
207 264
97 659
86 88
195 679
260 800
711 309
783 680
291 46
313 807
707 28
263 200
168 225
639 526
121 519
982 718
24 955
274 161
723 25
240 683
880 763
956 540
225 918
588 139
244 914
58 320
14 896
819 130
661 430
633 282
308 951
287 398
141 102
712 224
663 246
963 203
615 880
739 232
459 100
157 943
654 997
281 569
570 400
853 143
444 664
161 85
169 460
416 500
724 4
884 184
