242 352
311 149
106 690
739 201
406 69
491 423
159 936
93 208
69 651
21 648
412 452
563 283
940 189
297 365
820 447
784 765
61 603
228 329
533 650
550 572
369 204
284 927
799 332
177 104
847 860
109 64
269 726
220 235
966 285
950 784
27 597
849 631
657 883
827 244
267 126
985 340
279 958
199 182
169 298
318 471
986 27
643 44
889 366
750 715
876 85
869 918
902 293
382 753
89 692
866 335
621 19
346 331
688 296
398 330
519 157
255 794
183 668
254 421
485 967
287 891
92 636
838 697
887 838
561 80
861 301
308 633
8 197
931 916
299 455
587 300
722 140
904 257
320 391
954 614
984 163
521 964
200 587
424 10
434 373
614 46
296 466
442 174
463 374
166 803
239 824
313 372
266 961
833 586
817 100
45 450
84 213
48 435
474 909
642 117
288 61
532 974
548 57
664 755
483 173
718 610
