110 759
631 422
720 117
774 703
668 539
540 601
963 96
253 436
278 492
753 702
262 173
299 548
752 396
75 467
675 317
461 497
311 471
478 448
701 428
894 610
407 847
404 98
797 263
931 486
122 404
270 242
229 461
892 887
924 631
324 962
367 501
828 69
267 583
370 147
824 969
648 721
647 274
529 586
154 452
165 20
565 846
682 722
680 416
282 434
169 22
11 356
995 727
72 584
126 377
610 483
346 270
29 365
86 310
281 543
210 194
875 44
392 644
414 574
598 481
450 817
918 977
623 978
97 398
980 101
657 36
704 198
908 320
115 26
593 1
604 994
653 519
649 290
373 535
186 824
886 367
937 258
765 997
896 935
499 150
527 794
689 204
199 2
991 236
464 257
640 894
224 513
497 271
818 187
289 255
513 213
261 619
105 697
125 340
838 299
92 739
286 780
288 378
975 33
948 575
166 611
