7863 879
4542 2399
4686 8817
3218 7419
1212 8277
1072 7119
4169 3565
8841 2248
5457 1840
4144 873
6101 2705
6602 5902
3004 5719
4061 5690
3930 1316
8048 3217
1169 6391
9389 7688
1290 2916
6967 4813
6847 7299
864 2365
7201 7651
5730 1757
199 826
7840 5865
4145 880
2254 3876
5536 7510
9995 6074
3727 3364
8590 2487
2310 4142
1618 1503
6422 7602
4949 8401
616 9915
8692 5219
1392 6815
2789 7340
7530 6772
2485 5509
4343 5267
8853 5359
835 6368
2833 3224
247 6344
7407 4438
2478 8149
5675 3957
9406 7001
9416 5336
6813 7879
1065 244
5045 9827
7172 4327
7662 2427
5779 6895
208 3732
5914 9076
2572 1381
4349 2848
2912 2547
7914 6431
5856 2348
8462 4084
1008 78
8477 4013
4084 9511
2785 2796
3408 2225
8015 7715
9105 3505
1499 9047
5482 287
5544 7059
938 5183
6441 3669
5632 5249
1873 5097
4948 3143
4168 1850
9108 4501
1351 2030
4913 1011
7481 2373
7594 9384
4666 6528
8409 8365
1923 1480
9599 3689
369 9861
4669 4955
3549 8577
7826 2677
9082 6334
8891 9428
1982 1887
64 6707
9709 4486
943 4259
6110 9763
3108 5989
4853 8714
1591 7348
527 7104
9211 9292
6929 530
6728 7768
7547 5971
57 7002
2961 7877
5763 4053
239 8004
3117 7286
3717 559
6242 1551
3143 5134
5397 4727
6287 3526
1029 8812
5651 7840
696 7729
3006 7167
1025 8099
1284 7547
4825 2729
3814 6219
2249 5659
7576 5458
9910 3720
7824 3296
1680 1689
3809 6394
9747 2513
6038 4597
4594 6637
498 4717
8044 6060
2643 6863
5117 9432
8765 9131
7659 5374
3504 4312
7163 6453
4981 75
3334 4862
8346 6933
2462 2152
5441 7314
9316 4836
952 195
3716 4156
2048 4026
7690 7373
9963 6869
1299 2749
4000 7943
7107 4527
5209 6333
5017 3693
716 9804
2068 2829
1696 1770
6564 87
1423 8767
6135 5011
3345 2049
2719 7817
8943 101
333 8106
3071 4867
7275 3166
828 8736
9507 9458
9791 5670
8538 1481
7273 2426
9862 5349
831 1857
3636 6597
4593 1066
8854 1400
3321 4814
1545 5914
9150 3830
9804 184
8950 3912
7269 5356
5991 890
5402 5169
8233 7698
3416 8689
6421 9945
3126 7171
2651 3012
139 9667
5729 6069
3943 8782
8539 4916
3284 1460
5274 1393
6226 3305
7709 4213
5539 387
1085 5601
4011 4861
9748 9684
1205 6877
9538 3522
786 9943
2132 9155
769 7459
8026 3751
8922 747
1536 508
7337 3992
1698 4816
2200 563
5033 8185
9398 6202
7964 8271
5434 3607
8674 2950
6265 9245
5506 5217
1039 5992
8191 4052
5663 9055
5926 832
7901 3117
4932 3202
7990 5872
3082 8375
3626 4904
8656 432
9112 7154
3933 2420
3653 7041
5721 7649
1771 2405
5052 4000
4838 3206
2703 8496
6607 4951
8006 8036
4366 6097
6884 5321
4291 5900
466 957
2945 1085
1795 6855
8625 6525
7563 9615
8749 384
675 3686
931 1329
7313 3778
3953 5926
4305 9580
1621 7472
1816 9506
2497 252
4001 2521
4880 8855
9033 6557
9281 712
7096 8991
4240 4932
4495 8330
669 221
2851 2811
913 7218
2027 2448
1399 6281
4004 273
8845 8770
5513 7977
2460 8668
1808 814
381 4211
3730 4670
402 8273
8727 4535
4201 7616
8089 9178
5561 7518
48 8665
6973 5339
1396 2808
8750 9683
363 1432
6120 3141
4610 5335
1567 7054
2034 5360
2924 3038
2464 6035
2891 2415
314 7147
9179 8635
4676 1611
7972 5221
737 996
9608 970
2023 2457
8068 5903
2479 9119
5384 3806
7620 6866
5532 7273
4600 7505
3279 5845
9686 7123
5463 1950
4242 1638
3159 6993
6723 6331
8225 9241
7550 167
8771 2263
2221 6730
1068 70
7061 940
7128 5271
6427 9602
9639 4586
6309 7613
5589 5395
7126 7986
7139 3617
2625 2627
1149 5047
2019 197
2289 8352
7044 9498
3083 6910
2328 3790
4634 6310
8045 4761
8342 239
6381 9569
5438 3349
2936 5340
4392 1231
5479 4449
1659 9477
1162 6588
8097 6341
2710 8138
6864 7948
463 9613
8520 8438
9130 7878
243 211
171 2006
3015 3084
8283 8917
7987 1040
349 9806
5029 4534
7926 6545
2011 8063
8114 6136
8983 8666
6673 3857
8814 9960
6429 1269
9241 1128
6371 2391
5305 1203
5353 5007
9092 7180
4002 5948
28 9725
4129 1814
193 1597
9782 2444
7336 9507
352 7737
6918 9739
8237 7994
6172 4459
940 1395
3613 3696
8779 4384
6896 6862
9020 9656
710 5190
8207 5570
9207 3145
4507 8453
3078 8100
2096 1506
2123 2274
8212 9911
7997 3448
3163 8591
158 807
8167 9401
9010 3392
7178 9426
8040 5645
3153 8514
1334 9378
6284 1511
2617 243
3417 7609
7936 4091
4416 7685
3843 2589
5019 9688
7666 5935
8488 6519
6844 1192
810 491
7983 6966
6227 2815
7234 5438
9629 7444
3383 9045
4896 8187
4602 4289
8704 6249
2375 1990
841 8821
1825 3699
1827 589
6001 6
7513 4648
6706 8835
9210 6476
7810 1354
6582 6788
3607 2842
2381 5807
5058 8735
1114 7496
7581 7017
4248 1080
7158 6680
8160 6217
589 2359
8343 7797
542 4547
9074 3810
8083 9790
104 190
7976 4488
1288 2069
2991 3676
2778 9985
4595 8266
9659 3379
8131 2022
8890 7417
9846 8709
8932 4234
7368 4138
8082 8603
6252 4376
6954 2200
9955 3958
8855 6752
1564 1605
7479 1304
4078 2757
7751 8296
295 5997
6862 9283
3542 7279
735 9993
9579 9230
6163 9735
8748 1510
5371 8214
1455 6072
8366 8727
4292 972
9259 6640
4658 1552
9845 9018
8063 6702
5997 6120
3982 2300
6795 395
1610 3173
5768 3675
3432 1995
3562 7484
6197 7659
2612 1409
7891 992
847 7421
3817 5611
948 9807
5430 7160
986 8747
924 9846
7262 1934
2367 7672
1948 8772
543 2652
1812 6443
4007 128
6960 1283
5685 6397
6281 5512
8483 1350
7764 6741
7288 2104
9031 5660
61 7646
8466 5912
6498 4197
1937 3766
4860 513
9307 9255
6389 938
254 2446
7637 1763
4707 4280
3216 9425
3795 1894
5265 5317
1882 846
9123 4608
8055 3993
1728 2990
5461 383
1159 1375
1927 4397
6890 3726
7591 1680
7439 5847
3176 3080
2788 3577
2226 7134
1073 3108
9271 8065
3694 1415
2247 4939
9831 206
3633 4415
4504 9441
8542 5276
8667 139
2444 6274
3166 5603
5570 5125
1356 348
1592 7149
1081 7385
4187 4891
2347 7936
1249 3672
1551 7153
3061 4020
3042 7819
8196 4017
3378 3134
4879 753
9238 5126
842 7292
1257 4229
2649 1336
1712 5122
268 429
8840 5939
3069 760
3713 1266
613 2470
476 3388
1796 4382
818 8125
4799 3414
6251 9129
6276 9951
2359 5094
7829 8354
5981 9928
6865 8930
6643 7316
4390 402
6623 1153
6342 5515
3871 2697
6656 4791
159 453
7226 4351
4329 1263
3937 9872
9828 6121
2156 9138
9364 6016
1894 9881
2983 7862
5408 1377
165 7882
7284 2784
4606 8256
1042 3350
8671 5915
7384 8525
8364 8060
8250 8549
7229 363
3931 9860
8532 743
5072 1453
3970 7244
7303 5985
4077 7535
9667 341
3973 7046
8419 4812
8238 3436
8516 566
2241 6652
3719 3316
7601 2094
2656 8098
8323 3802
2152 8474
9338 1545
1966 3279
7136 6350
9999 9181
4095 3918
7042 2693
2602 385
6077 8023
8020 9532
8607 8113
2410 8535
186 7445
207 6290
474 2614
9096 6807
5001 9700
1238 8142
2587 7822
7973 1213
6345 4911
3147 9080
4851 7441
8496 4325
3081 1574
4994 9875
4967 2523
4196 8235
1817 3714
6453 8655
5184 4190
9301 6822
3342 1501
7568 708
7440 4463
2695 9259
6221 4056
3881 8219
7537 3032
32 7354
8832 2374
765 2834
2689 4440
7897 7893
6555 7405
9021 431
8383 1105
6590 4678
284 6972
87 3481
557 3634
9598 308
8835 803
7137 8104
9549 8095
3336 9489
3804 7240
3650 47
3414 3851
2902 2769
1600 7018
3666 3054
9695 1245
1110 2456
526 9720
5527 1962
7887 1800
9114 4130
1983 1988
7868 5819
7558 3088
8996 1421
4722 9691
9884 5955
3946 7047
2459 2780
2482 6879
766 8523
8568 6458
6725 106
6683 3328
9017 2034
6920 7549
3438 3277
9079 851
4057 9871
9617 6038
3355 956
9299 327
2087 4255
8162 2045
3729 3501
1203 1013
5949 7493
3389 9903
4881 9851
6997 3310
1213 7234
3354 227
7844 2221
1283 4721
6313 4764
7015 1122
5206 5820
8102 6592
9352 3445
8356 2170
9824 3020
7089 8421
2747 1232
8826 3636
6253 3621
9447 4641
3230 9997
3534 3850
3972 8800
5146 5793
4224 8509
4046 5667
5777 8295
2675 7194
966 8369
5718 1588
9037 6543
2820 1276
8535 2978
9613 1244
5530 3976
6690 2599
7263 8744
9180 7548
907 7552
2384 4108
7417 6122
4841 5637
6701 6624
6879 961
15 9445
1390 170
8960 4603
4768 1183
5689 4511
2036 3965
3832 8543
1016 3352
6046 9513
2219 4227
4783 1634
128 4193
9514 8893
7471 9967
7708 4157
7698 8076
1097 7377
536 7138
6672 7132
2109 5191
9191 7120
7469 7293
3552 5638
1099 7733
8961 1143
3664 3060
8200 5306
567 7383
754 2770
442 3384
3685 7791
7020 69
4076 37
8652 7424
4219 3868
200 737
3763 5085
9896 9555
1931 3695
6937 2319
231 4885
9426 1168
4494 8434
3775 6417
4276 5372
7257 1044
8392 4723
8159 4089
4045 1896
2696 701
1364 4160
5654 4258
8129 4954
8709 5754
98 7734
5459 7739
8874 4645
44 6556
9606 6698
3857 7841
6208 2957
3469 3679
5897 6130
9958 7807
4238 6598
942 7536
6061 2264
2074 1486
3470 2175
1493 4218
3786 3443
1968 2008
1060 1917
1725 5500
3531 905
2252 3431
5348 3600
244 8963
3010 3410
3627 8245
4969 2512
8088 9264
9348 6027
2711 5811
2139 1595
1909 4834
1657 8024
6432 5791
5224 3104
9420 2390
7604 8775
9157 4713
88 1838
3822 3932
1306 2992
5905 6751
8355 3212
8762 5795
2057 5296
2343 8738
751 9023
9945 6899
1143 7726
1100 8306
8833 3114
1648 4512
634 1074
1358 7205
9858 3466
1967 1908
4510 947
5104 3003
6406 294
2822 2004
3009 7885
6305 2948
6187 8559
9852 4797
2713 5098
6021 7230
9720 9081
9272 7281
925 1521
7979 9024
7087 5170
2679 292
9457 1730
4274 4030
7261 7712
2151 3719
7619 8478
8281 8025
7338 8640
3484 3332
3992 444
7232 2660
7853 5840
3275 5828
6806 3172
2563 8101
9651 7031
5279 4326
6910 5250
5854 8952
4463 1051
3335 4366
6559 685
5059 4060
8170 8847
1188 4976
7631 9372
5062 8696
1398 7190
7745 8021
355 288
1267 5315
5669 9716
6082 9332
9932 510
5449 1766
3935 9529
5738 7814
905 9794
1108 9727
9088 1355
7291 4032
707 2287
4839 8866
2371 5541
63 575
1199 9535
8724 4042
163 8899
2174 9500
3359 130
4073 8243
6834 6776
5074 3092
6053 1540
997 2728
3144 3363
7198 4777
2224 9890
9115 443
4149 6805
3 1796
5367 5432
6871 7045
9879 2685
1200 5210
926 7608
8666 1471
6495 2856
8944 5866
7512 3355
6355 8942
7516 3125
3149 2932
2430 9090
7327 8226
3684 8049
1121 7126
8338 5147
2869 1293
6941 357
8187 8405
2217 3195
4413 7297
1463 7223
9411 4841
7498 8726
2361 7060
4801 656
1539 9175
7319 9989
6052 8970
5511 2831
3032 4497
895 3842
7364 4709
6733 8864
2668 3262
2619 8452
5581 2394
2278 6405
6326 1836
8213 509
3021 1596
3024 3312
2209 9246
8665 3334
5695 9825
81 2679
4822 3421
6598 6632
4956 1897
8614 5159
1586 132
3467 2936
2064 1223
