3899 612
9710 2714
8917 9237
2137 4053
6062 2223
9895 6758
7767 8337
9517 5529
1074 9042
9923 2191
216 4581
7688 273
4250 2765
9025 744
3840 280
3142 7960
7705 991
8864 7538
9006 7660
7805 8539
6507 9874
2468 8442
3800 6790
2485 6080
8572 8494
6389 2799
249 4813
1050 2998
2612 1209
9685 2287
702 8964
4936 1665
509 6688
4415 5766
7746 7277
9745 7453
6351 4562
6995 4188
6472 7415
9453 4638
7285 8681
2198 2545
5989 9458
1597 5160
588 2289
2228 8553
8109 619
3556 6749
4227 7956
7147 3777
4933 7520
6901 9593
8311 4480
6323 502
9405 5186
5750 9413
8751 9794
9586 9008
6678 1902
9573 7989
3808 2052
5518 4586
470 4386
4583 1679
9926 7131
2673 1243
5348 6084
8877 552
9371 8435
9325 7980
1706 7338
3460 3197
9397 5102
4376 5666
4669 2968
2039 6281
1040 6498
7898 5181
7922 808
1451 4439
5638 3510
1092 621
6726 5190
2471 5201
330 6432
4816 9097
6999 4620
6803 583
1949 2155
725 6839
9913 4100
737 6773
6190 1299
9608 8114
5423 3765
9026 3277
4573 1304
8281 8623
3866 1887
591 2026
5074 88
119 4624
1262 1137
1772 7066
9827 4385
8775 7911
515 7566
3234 4389
6684 4742
4778 8948
4316 9168
2560 773
696 2862
5568 3866
5142 7973
5902 2754
2267 2363
6173 2456
7544 2915
8521 7657
6328 6515
9760 140
9163 2331
1681 6420
8308 895
4445 2954
7065 2887
3894 5096
4934 3107
7168 2143
4231 2405
8539 800
4965 8586
8986 2491
5553 8761
188 3511
9503 6266
5159 1755
329 7099
6169 6388
9654 2979
2184 431
985 4601
5447 1712
7640 2152
5783 1886
5777 2380
9976 4834
4570 2080
8021 6285
364 5775
9657 9891
993 1261
349 3146
6049 122
4115 6077
7477 2335
4893 7838
9711 4030
9855 1054
5244 5807
2907 8947
5964 7948
3036 1701
5123 5133
9759 7746
4328 350
4922 5659
6180 8698
1719 7249
442 9321
9327 6675
2154 7604
5080 8815
8193 8817
3647 5003
4414 7247
3911 2444
5371 8757
3071 7476
7131 6291
1590 3285
1669 9738
9843 4843
5276 2941
5469 4928
3678 2752
7184 5193
2774 4357
1310 3316
5517 2137
3573 870
9313 9890
7391 933
4434 6706
3687 1878
1982 9395
556 229
8678 2588
3127 2008
5164 6610
9419 9322
3008 6131
4565 8606
5573 4508
1402 1516
5658 7593
9659 8854
2125 9518
6903 7229
4784 5339
8494 2398
4443 9675
7614 9837
5675 3581
6831 5295
4758 7475
6878 8297
9312 9236
6710 6120
583 5213
6771 9684
2556 5873
3270 9848
77 5637
7821 5593
8359 4699
7117 4876
9157 4420
3639 2988
530 2019
7483 9865
8504 8206
4736 3626
8911 5588
5589 4074
3727 4627
1116 7123
9645 4373
4703 7421
1967 2128
4007 7830
739 5481
576 8707
8394 2882
3252 8659
7044 7235
809 845
7882 1136
1980 6840
2816 6972
8245 9009
4914 4772
3917 973
326 3873
8602 6254
8799 6292
6779 3461
873 1226
1862 6007
5593 8422
2055 3517
4137 907
7819 8990
1006 8095
5765 1928
3618 7064
2003 6383
8760 9182
1954 5924
2807 195
3924 4926
4486 6096
2106 8280
123 6538
7988 7197
9354 6104
6559 1708
819 9576
4447 8112
4068 2396
4401 5299
8639 3604
8515 1
6931 6078
836 4
7748 2286
5294 1337
30 3427
899 5254
2079 7130
757 4637
2042 3226
817 484
1121 466
7911 8828
541 5142
1412 8755
8445 7282
8227 5964
8029 3491
5176 7232
2573 5558
5155 9572
1176 1979
5756 8348
6321 6198
6384 3685
9612 7789
4983 2277
5912 5025
4341 9056
3131 3112
5387 1923
7024 2846
2028 9812
2091 1390
9102 7058
58 460
6230 5756
9286 6272
2926 123
704 8032
6116 3010
7551 7745
9904 4493
8870 2294
6231 6370
712 3337
7072 8384
870 7084
6102 9603
8129 4882
5161 7147
6890 4702
6854 1590
294 1369
4016 1055
3583 7237
8780 5262
4426 1082
9665 156
1173 5315
6962 7864
6978 6916
2136 1543
461 5433
5335 6861
6132 9550
9160 3703
4296 5288
1990 3309
7605 6421
2018 1450
8687 851
6168 8488
1780 436
5217 8339
9239 8581
8716 3923
1690 9403
9630 1398
81 2949
7759 3805
2352 7681
3867 8832
6369 6489
727 4664
8638 5634
1505 7471
9246 8657
1627 3713
6157 9390
2936 4892
385 5616
5595 9635
1988 2178
418 9535
1886 8710
7896 5971
4662 5815
9488 5159
4906 9580
1455 8615
595 3336
9235 7325
8378 982
8668 7092
3905 5114
1749 3178
9085 8086
1637 3541
9066 3011
1002 1698
9014 7485
5313 1962
9241 8213
2957 6507
1268 3473
3967 5168
2946 3056
4096 618
7441 5358
6451 8172
4144 4046
6021 6297
9822 934
6499 3880
5740 6576
9120 6012
6853 6377
1365 3661
6150 2911
8198 4669
3855 4108
6764 5663
2632 4315
6804 866
9500 5574
8473 1822
7926 3402
2559 3612
6571 4978
2447 7245
2664 2834
1571 9255
8159 2758
8475 4023
7259 7914
9609 3530
3050 5977
2233 9984
4381 3807
3264 2880
2402 8695
9595 6460
8448 9805
3807 8840
8816 6956
4848 2904
6770 4945
9753 7248
9578 6135
9579 918
4378 1288
3566 8788
5034 7490
379 8031
4393 295
7856 9487
6271 2892
3288 4399
2823 8516
9338 6875
5906 8109
3913 3636
5277 6376
7907 8203
2353 7952
6856 5669
7858 6655
9815 7916
3372 2929
7669 1882
9512 6868
9128 5553
455 2364
7886 9560
1186 5265
6558 1764
752 5719
7658 8653
3762 2402
3847 7829
1135 8837
3562 2490
4165 7318
3107 6142
4238 8073
2253 686
3067 9549
603 5691
4179 3328
2781 1533
738 9054
5136 9714
3003 4961
6936 9571
1491 4728
1408 8872
1933 5300
1518 6721
4329 4773
4781 178
592 6930
5844 9154
7412 5746
9508 6927
5516 7845
113 6063
482 9293
5486 2974
5431 4094
7148 4840
6221 3098
7961 9217
1278 6317
3443 1796
9587 5310
8028 9076
6405 2656
8919 5238
5224 7962
1953 2827
4502 8867
1250 6462
7088 7625
1844 3215
8643 6690
4112 9058
1588 9444
8646 5992
6037 1752
7380 898
4843 9938
4352 7902
1756 3303
5547 2717
9275 8276
8785 2739
8613 1953
1857 1652
8092 9045
8335 8807
5770 1922
976 6344
4824 9124
9280 8447
2982 5171
2451 6510
2935 1083
6075 7857
7443 4528
1774 5149
9172 3776
2317 4274
5432 1921
9789 3470
6884 1804
9092 7811
4925 6086
3063 7112
7500 2417
7904 4298
5120 6051
2890 3049
1124 4337
1760 9361
2970 8369
9073 3269
8899 3653
9435 4047
6421 4234
5886 5696
4356 5624
4438 1753
6282 1615
877 2219
2237 1367
690 3693
7844 7489
8270 5472
4051 5354
8434 2325
5802 2708
5454 699
6609 8043
7344 4415
8872 2180
5782 6102
8160 7228
1838 7015
2484 8261
4432 9270
9669 9408
1633 7007
1847 7045
9247 4219
1837 4839
3029 8916
3100 4462
9292 9596
6827 6359
6410 2521
2105 764
9698 516
9960 2785
2400 7068
6528 25
3173 3463
8925 2149
8645 8273
2791 3399
2931 4212
3311 713
4099 9121
6056 5867
4801 3321
493 1934
7289 2597
6673 3563
6278 1210
5177 7940
9054 7009
9553 4730
5073 2449
8157 1913
8669 8914
7932 5519
495 9893
9853 2641
3121 4245
39 2242
1761 1422
3831 1310
8059 2263
2837 1563
8580 117
7546 1357
3259 8497
3170 6403
8677 7468
3472 9059
608 7254
8200 2886
7279 33
1829 1147
9274 4613
4641 6805
2501 112
2222 536
7656 5515
1454 8491
830 5371
419 5928
5897 726
3825 3464
8290 6365
1276 191
8170 8776
8830 7293
310 5352
5565 3680
5380 7413
5633 3877
2202 95
1320 5658
9849 3521
557 3767
1311 2585
5630 6814
3361 6427
1038 1572
3277 6480
7161 5173
3620 9386
7947 1879
5175 8938
1788 9789
700 3994
6693 4752
3282 1583
2635 407
6415 6654
8146 435
7755 9641
1114 5555
8806 3659
6916 3219
3415 7441
8013 9323
4992 8366
383 4348
7609 9853
7498 6248
6578 8547
7183 9605
2959 6989
7461 5054
611 1031
4205 2913
6012 7407
6079 8194
7336 8692
8673 1634
5924 4655
9773 9536
6584 2425
3668 7187
45 8511
3425 2067
4239 5055
6057 8551
2351 2756
7537 3702
8747 6001
3200 8620
2607 4838
3429 2001
365 1199
2798 8184
9577 1117
6615 7859
8252 4058
2758 6787
451 334
2282 190
1804 378
9973 7759
2757 78
7254 954
8033 8327
3028 7866
979 220
368 786
6605 5644
7341 4856
5208 4993
6681 7744
539 8052
838 4923
3920 4998
6608 2175
642 5063
8082 9228
437 1452
3587 6649
3958 719
1545 1863
6375 3139
7776 3891
3124 1368
2700 2598
5456 6415
1903 8699
2031 8331
9739 2276
851 2696
4765 1355
4508 4931
7626 8396
8005 8373
9194 102
494 8125
5521 1120
5649 5936
5195 8189
1536 1406
930 6910
7134 5452
1465 9184
9704 6405
60 7110
1717 7626
497 5626
1484 9858
313 474
8242 5291
600 5008
7895 7884
884 4230
3099 7753
8352 4207
5428 3369
3289 5860
7814 1597
5571 4289
7842 7847
5760 6894
561 7813
6264 3323
4993 5521
9944 9831
6462 959
1439 3925
4808 9578
3017 797
6768 6588
1879 3957
8315 6315
6388 2976
8967 5230
5476 1607
8791 2927
6600 8216
2862 7409
6322 4181
3014 6905
5945 9453
6795 6179
3759 7063
7283 656
7875 5973
5656 6461
2782 5958
9924 6414
6338 4465
7981 8618
701 3597
2522 2262
2813 3740
377 3223
7651 9927
1508 508
1591 6772
5245 9903
3886 6572
9842 7837
925 7833
790 6202
7372 8239
7643 8243
5468 9152
6064 7091
28 3279
1181 7772
3193 6472
6543 955
1721 9173
5546 2646
9321 360
5101 3185
1805 9280
7379 1596
1326 2260
3448 6491
3944 8401
800 1899
2502 2000
2345 9744
9594 3514
191 4801
3768 9000
4711 2108
3421 6917
3606 7129
9216 2379
6876 2583
8273 3532
9902 8156
5226 5172
8770 7257
3083 8421
7660 476
2910 4162
1297 9010
677 300
9801 9678
394 5620
1662 9051
3265 6316
1406 1988
1787 4619
7623 3257
6540 1405
3650 3388
1784 6382
7956 3996
5670 3631
6601 5471
9882 3758
7301 1507
1818 5458
4782 9151
7270 4969
6217 3537
3375 8886
1916 9178
8834 6527
124 28
7606 8314
4904 4885
1266 3933
5597 2381
5672 4553
3145 9594
7939 1159
1172 4102
9056 5635
5975 3338
6929 4764
1098 2537
9927 5645
8499 3544
3509 9140
4095 1909
5744 7443
1024 6997
5492 4114
3869 922
7059 8738
7193 6474
1380 4351
3570 9476
5296 4721
2708 8617
3391 3286
3584 7391
7596 3344
8778 5098
6861 5724
6026 1453
3132 1749
6706 6912
7933 6532
6668 5654
7691 9723
9627 3899
573 4112
4785 2035
297 9960
3025 9429
464 2003
2469 405
4822 2839
8250 5246
8511 5633
7735 9841
665 2779
3192 3663
3398 5373
4522 779
8057 1865
7085 5188
617 9952
5650 8901
7671 1116
3224 6667
4708 5476
2343 9110
1694 4765
7276 329
4905 7971
6736 7172
7272 2760
1271 7909
3369 14
2511 1972
7985 2790
4659 6053
6145 7853
6105 4556
2644 8449
7067 3242
5111 7550
7589 6150
7768 5925
8618 5997
8882 8927
3648 5406
5894 7851
4726 9247
4673 8123
6120 8773
5887 7399
4873 169
3975 7741
8513 1215
165 4996
235 3050
2155 3829
8698 8709
2444 2842
342 2869
2716 4269
824 5143
32 1282
3342 5943
7631 8859
5815 73
9055 3625
8032 5459
3032 242
3912 871
217 6211
4536 2705
7084 8225
5543 7398
840 5711
9888 7942
8946 141
1538 7540
7374 7114
5106 8987
4289 1322
4266 1786
5563 1492
722 1709
481 4597
7038 1364
