7776 972
4408 1502
8670 9406
5731 2407
2337 7096
6253 6162
178 6076
6140 2001
7906 8271
4491 6282
7541 9818
9855 9016
3730 8136
9146 9993
28 7101
2381 927
7210 3630
6024 2371
2659 4358
5566 7936
3445 7332
964 1950
9441 5428
3271 4683
1223 16
8414 3360
5522 3929
6630 8219
1432 6883
305 2053
996 1419
8339 611
3658 6644
1491 451
6944 8430
7271 4481
1844 5026
6934 3779
2213 2438
8840 714
5121 167
9145 7311
2680 9861
842 7810
9096 713
2806 5671
8311 1630
1370 169
6563 2870
9953 4547
6863 9685
9765 8033
7694 2921
7812 2207
9983 8032
6301 6129
8867 9229
500 9735
1355 583
3144 1707
4286 7451
5839 5934
5950 5151
6318 6517
5078 3652
1866 9288
4135 6868
3850 5149
5493 1920
5953 3631
6083 4863
8378 7744
9392 2224
8193 6481
2940 4927
462 2313
6241 1064
7048 3744
536 1092
8504 3091
422 2340
3640 9554
7000 6864
713 2010
6362 5110
3349 1812
9950 9505
1682 1582
9011 4398
3615 7164
2918 7874
1278 9050
4486 2317
604 4022
7103 5302
4531 6822
8165 3319
5640 7112
9865 2848
853 3054
8422 8882
7525 9856
6035 4037
3421 4341
5565 5032
4619 4744
7466 7527
7804 4206
7882 8106
3931 2076
2746 4419
7615 2429
8993 8627
5967 3246
2981 8494
3101 3776
3603 3234
9944 9938
110 5313
4396 173
5600 182
2942 9451
3959 9891
142 8273
8216 1929
656 7529
4056 7500
1902 2854
5914 6114
8955 7757
8251 9814
2537 1955
392 4997
5284 8895
4579 2265
1936 8268
3761 6999
8639 6632
8229 6787
7822 7988
8025 9439
5796 6031
4304 5320
7289 6010
2657 7567
7354 5052
4774 5702
754 8566
4560 213
5407 7608
8441 2857
7293 9421
3508 4602
4670 7309
8536 444
4177 5636
468 8738
61 8401
447 2141
2159 6838
9143 8890
4356 6005
6887 2646
2268 2362
3953 5220
3282 1479
7132 8319
7730 9394
9174 7076
9343 3592
4226 2292
643 4959
6843 9665
7065 4535
9641 8328
1522 6670
6632 121
3261 1421
9506 3679
9125 9147
5694 6992
6038 8160
6309 4196
9230 1694
2637 3483
281 6187
2547 7842
507 4592
622 7280
1196 5812
6808 3604
8765 8483
3280 1744
6218 9655
1611 9786
5787 5312
3096 9183
5114 1397
4436 2619
8874 7310
8057 1968
2044 7044
3473 7824
8754 8881
9815 529
6458 8392
9514 2191
4027 7690
1176 8127
6667 6943
5829 9350
5302 6290
1350 3694
5448 3946
2324 3719
1484 9150
5120 7624
5089 4921
2945 9959
7144 6662
5991 4332
2881 9405
488 9540
3427 8412
7993 1987
7270 6637
7953 6382
2939 5600
929 517
9736 3389
5592 1310
7487 140
3906 4246
5365 1460
1588 2704
3676 8443
127 3738
5904 8383
6005 1665
4583 644
3299 7921
7086 3717
4851 9041
3611 4568
8461 9004
2404 374
8209 4471
2660 72
8204 6972
7613 5913
6371 9331
9938 3079
8207 8362
4094 177
7540 5556
7531 8326
807 5175
3728 738
6678 493
8815 5648
6477 6815
8543 7484
7208 8075
857 325
1742 9801
9075 7525
9346 7108
5113 8559
5739 4123
279 6274
5280 2480
8191 504
5913 8606
5034 7200
2792 8924
2227 6140
7817 6430
3698 8279
8918 6699
2204 5970
4127 8971
8104 5548
753 8386
7031 9683
5977 2136
4680 9172
6694 9911
9811 194
4634 6069
6375 9162
9949 3536
5259 957
2429 4276
2062 8625
4249 4909
534 3662
9970 1768
6201 9954
6758 4596
6945 2586
4313 231
5568 5366
6221 820
8069 8614
6303 9494
6547 1133
2994 2181
2783 6237
3361 356
4173 1278
1797 6763
4390 5996
8565 9521
868 9670
5879 4102
5006 1573
2250 8327
5097 3605
3461 4124
403 9821
9104 8641
5054 7611
698 8437
213 1199
2803 8221
3202 6932
2675 5955
3226 9117
4860 9275
3114 2754
3016 5281
5112 6392
8949 842
356 8172
9943 618
1677 8710
5975 7041
8164 8751
8786 4848
3281 1832
7348 171
1608 5847
8644 9226
102 1619
2075 5879
6435 5083
8279 4263
7969 846
4808 4787
7657 9194
5832 5585
6365 9027
6798 4877
8465 6872
4564 1444
337 6573
2541 4520
8054 5677
6004 1653
1689 4170
6994 1299
8992 9121
6650 8589
9957 8101
6144 1773
1177 1304
2119 127
5709 5621
1023 7678
3797 615
1772 1048
6932 8236
1381 7315
925 47
138 9029
4089 5212
508 3170
1855 5422
9254 9383
460 1059
9719 2054
3735 7776
9619 2604
7790 7399
3385 5629
7552 7806
5517 6175
6940 5420
8899 2827
5177 7114
3961 396
6403 9326
1429 2791
5527 9935
963 1804
5935 3821
2329 1205
4886 5914
2007 6259
7956 878
9833 1519
2240 5034
4552 7433
206 7213
3236 3720
3745 1838
2019 4272
7905 5976
7143 4267
5573 6623
6641 785
5206 2962
9733 4795
7947 1550
5613 3279
3192 9103
8781 9477
5926 4169
1055 8434
3777 5117
5593 2392
6314 9914
4367 3174
9248 5771
2079 3594
8863 9272
7215 3982
4572 5910
4131 851
5627 6828
6857 8645
1954 612
9616 1880
2832 2515
5943 8422
8980 7825
2557 4140
9763 9233
9457 5307
4526 8049
6200 8239
5501 4168
5077 3812
6134 8465
5814 4344
5413 3904
8233 1695
9803 1196
7536 3512
1167 8672
2835 3062
6550 8948
3359 5262
5282 5669
6016 5587
5733 6922
2325 70
4864 6364
5511 2122
5446 9657
6509 9948
702 552
8450 8137
5384 5965
8805 3303
1208 7298
8610 4446
1658 6446
4100 2244
2682 2290
7955 9351
1486 7866
5093 7545
2812 3022
7181 9565
4631 2926
1101 5206
3821 5063
3076 1746
3216 1801
4489 1788
2000 8937
3476 4815
9663 7818
2999 9198
7846 1820
5081 5745
7512 1696
2171 8439
7923 286
6419 3070
7232 5478
7625 5733
6369 4826
5889 4703
4473 9377
3220 3385
3919 3276
9671 2638
8619 7135
7946 5043
8218 1805
5821 2393
6538 6842
5023 2945
404 8381
1218 9476
4785 2821
6395 6369
4750 7446
7878 6453
2483 2131
8525 7844
6896 247
5149 5147
2938 478
4246 8997
6925 2246
6780 824
849 6132
2330 3330
827 6582
7423 7296
1915 2716
8703 4257
5035 4966
4025 8351
2597 1276
3454 9300
1997 4780
9040 1785
8392 18
8033 4926
5038 2599
9851 4947
1527 8954
3155 9436
2394 8416
3737 1875
6225 8140
8664 6384
4201 5085
8658 2324
6014 4444
3091 1197
3398 8278
9039 5016
1775 4600
3917 2991
4272 7321
562 2830
8745 142
8951 5429
7268 1605
1780 3863
8020 3191
8517 8084
3037 2177
9308 5938
948 2434
4936 825
353 7835
8095 8620
6293 9968
5885 4186
6556 9822
1393 2019
1274 3710
8952 6302
8553 2684
7455 1958
9203 848
9006 8775
6548 2667
8913 3981
133 8173
8264 797
6104 1424
6800 7560
2316 3206
399 7425
5496 8883
1191 3049
8647 6209
4538 1833
5106 3042
4909 2359
6675 5759
4586 5456
6451 3348
8589 369
1324 1146
737 8764
4696 2877
4699 5808
5680 6083
1345 6700
2021 4215
697 2640
1882 2491
2306 505
1050 3622
9877 3741
2463 7262
2198 2545
8250 4555
8729 1447
2747 5740
2901 888
8984 8935
3660 8462
6596 9058
320 197
2369 5314
4629 8245
7506 8082
9328 1102
7467 8790
5345 6154
2750 2125
4124 1506
170 4278
4677 4350
7085 7630
7106 1884
3377 5036
2776 2692
340 1836
5817 4770
5865 5020
4794 7212
1541 2495
8030 508
6094 4487
5827 1760
5329 2675
658 8595
9278 1095
4959 7019
8828 7563
8681 2939
9090 542
158 9942
4894 8
9164 3435
5164 3542
2283 4285
944 6633
5211 4617
3920 8622
8936 6171
3350 4306
1994 9130
1081 771
9989 2884
2874 373
7059 9531
5579 707
4385 8944
738 4994
7165 9466
3588 7931
6125 1378
5188 2415
5526 9134
844 2124
7865 8372
3339 5467
3594 6037
1106 4219
1540 5438
7850 9242
8086 4562
2687 6429
8428 6381
3317 1867
7667 4708
8747 3480
6389 7006
5509 4779
3131 5516
2209 9659
9673 3893
2764 6108
8686 8604
7727 7817
7335 2559
2529 6414
1879 852
3305 2914
6740 1158
3496 2152
1157 2294
5375 1163
7696 9502
7385 8556
1485 152
7110 522
6417 6766
3284 5779
2768 1116
9353 5752
2936 3365
2361 5086
1379 4720
8872 2528
2736 1487
5314 5447
2789 1679
710 4962
3820 2966
7731 4117
7943 3294
2292 2785
2609 535
1451 7195
7543 6293
9975 7710
9208 3428
9115 6603
3762 9323
2436 7788
8119 4700
2397 166
4510 5969
8464 2357
8997 4913
9741 2523
4057 683
8596 9671
4099 3996
1296 5379
6437 1179
2671 676
8985 3230
4454 8680
8929 5746
9408 5308
486 8005
6988 2955
9836 4050
679 4499
7384 3617
8527 6980
2064 4195
3278 4910
7129 3148
9124 4459
2997 8378
1024 7144
304 4132
137 5594
2003 4098
8733 2609
6605 8621
4899 803
3402 7602
1458 5575
7191 3083
1437 4523
8366 6495
2879 9096
4840 3318
1132 9414
2678 4121
6629 823
418 6912
5477 5894
175 6917
2473 4190
1761 8611
1309 9065
165 3080
6080 6981
4312 3590
4991 6220
5866 8380
1948 5230
9582 7948
2770 596
7187 3955
9749 6901
1584 1771
7145 8360
6657 1123
6090 8105
4589 1293
5928 3380
1782 467
1735 8670
5370 5044
4481 4338
3774 5501
5338 9152
4207 1464
7849 232
7815 3399
5580 9812
66 3909
1960 919
1394 7972
6557 1615
120 5292
2592 5576
7180 8301
8174 5924
8802 4399
6335 7355
1104 2451
1518 5442
2573 2108
9959 3624
7298 6611
2755 1041
7358 1110
5117 9860
9028 9378
4883 7432
3869 6055
771 6021
40 2697
3213 3773
5167 6639
8087 8749
6430 403
9187 4040
5127 5792
2850 3264
2219 7336
1085 9199
6778 6172
2146 1800
1294 2245
5392 5973
6247 2478
97 3111
5217 6503
7574 9571
4520 2956
5824 3066
1243 6101
5079 9195
5540 3898
5631 8848
339 1864
1770 2365
5515 8042
3870 7694
4363 1625
3195 956
978 5897
6786 1925
2210 9196
3386 4622
164 9741
3716 3253
1784 3175
2352 3364
355 4469
6046 734
8772 516
1441 2625
6026 5992
3447 6043
2822 943
7119 8659
1923 1030
1489 7796
1327 7239
9170 8992
5771 4266
7832 7930
3032 4413
2246 8995
2920 9750
8148 1594
5528 312
7003 6866
1655 2653
3047 6781
2467 5371
4998 7067
7288 1136
1859 7091
1016 9169
463 9519
7759 8709
941 7461
839 6487
8416 545
3944 4615
5185 9626
212 9118
5100 3814
2716 8777
6911 4198
6797 1629
1186 1682
5378 9915
2039 8732
668 2977
7972 351
1640 1753
984 1543
7733 2352
6917 8960
9503 9224
5075 3911
8663 6440
7894 6062
8159 1557
7010 3907
9476 6591
3985 1529
8971 1883
7801 910
6637 8258
2165 5654
3221 3908
9611 7960
124 9960
7628 6629
5405 240
2808 1391
3829 2499
7890 7062
4601 3486
9742 2516
1188 8190
3396 6775
2402 2677
362 2311
2794 7148
8079 1206
7005 22
3663 3569
9784 342
7158 4110
2683 2331
2921 9965
5653 1432
9012 6491
8135 3212
2817 9007
7172 2368
349 7934
8836 8098
1695 6223
4045 7888
4203 2930
6734 8771
9224 6820
4654 9551
7411 2594
5506 4059
7481 2016
7105 1644
92 3834
1999 5445
8568 1144
1930 5042
8782 4159
8194 7000
8870 1201
513 9898
2376 1783
3208 7364
8728 4295
1020 8224
434 682
2026 1998
7084 5476
7169 2348
489 8211
7324 2983
6296 6564
708 5261
2882 8255
5729 4633
977 8499
3269 7983
6539 5380
1712 1490
4415 1736
9023 9413
6189 8712
9140 4812
3079 5865
6422 336
3408 5310
5244 7662
4009 2042
3404 5551
8006 4061
9875 7204
7451 3615
3156 8472
2606 8311
1872 1021
8859 2184
