2703 6741
6849 3986
6850 887
4609 9412
7850 4347
3540 3955
7777 7738
8397 4320
3008 4453
8276 9408
8644 9166
3868 6991
53 3810
232 7123
6080 6228
9591 5611
7016 3108
1135 5130
2375 5935
3806 4657
3813 4639
694 7312
7158 429
6665 1478
7240 4491
559 1143
5390 1924
8850 8159
8152 7691
1898 5233
6037 6938
381 5399
2537 6388
1450 3728
2046 8618
321 4253
7425 1240
2640 2287
9045 2901
5619 8957
6576 1265
7942 3294
2476 6092
3063 6627
609 8682
7700 8991
3849 8413
1223 6551
3234 8043
3418 1742
9516 8458
1163 2379
2007 1424
9178 6540
7805 8081
9158 3130
6358 6818
3295 3720
5591 3743
2395 4526
8779 3377
6711 306
4784 2756
5984 3321
7395 842
8216 5471
6321 9811
5210 6510
7938 9796
6334 3240
4354 9297
440 1814
1529 6583
2605 4609
8127 1526
47 9545
8054 4413
1149 595
9019 4005
9821 7946
8556 6273
3638 6931
9364 5656
9977 1010
5221 6125
9118 7828
1847 4464
2961 413
2787 321
5706 8837
5446 2096
5679 540
9786 7942
5024 9040
4027 9654
1693 6347
2764 5162
1076 7601
2852 1324
7025 9514
6142 4421
2620 825
602 4293
8515 5202
3958 5025
6669 3017
2673 686
9676 2162
234 9790
8044 2770
8293 9325
6154 599
4051 4322
4029 8383
2660 2649
9205 6368
1136 8566
7197 3689
6676 1358
7917 4246
941 7087
4719 1429
855 8590
4227 5682
4750 6238
570 7773
6874 7786
4073 4110
2796 1157
6464 7959
1138 5574
5540 3995
2394 8734
2478 5520
7848 3558
810 10
4133 2571
2288 7816
8612 6472
464 9505
3475 2693
5993 21
2521 8689
6042 247
9853 7865
6981 4242
9522 1176
7813 2357
5046 2956
2275 4270
8755 662
9641 2277
4522 9430
2283 3665
168 7834
6265 3303
2063 3314
386 5999
4333 7914
9727 5142
5344 834
4093 2365
9574 2135
6900 5700
4214 4633
6646 6863
2270 4587
2188 4895
2326 5894
1554 6321
6504 6072
1540 3396
3059 9833
415 3007
7322 5585
2308 9010
1178 539
1951 4370
4610 4026
2074 8662
4982 4239
8826 8882
5313 9466
6493 6675
8092 3612
3599 9804
2722 5155
2975 5555
3014 2541
6191 9029
3304 147
9012 9925
757 793
9895 606
8272 7545
929 2569
129 8085
6352 6943
7601 7428
1041 8602
6520 2532
9289 8505
2873 7150
3823 7138
4144 3733
9916 2423
5139 8478
687 8912
4010 695
6372 5595
2559 7889
5070 1952
4834 9152
8244 8255
9001 6985
8030 5228
9388 4349
1615 6992
8937 2042
9850 4660
984 294
8327 4291
9745 4048
5308 5000
8469 7712
5082 3051
4778 1097
8615 5385
9187 5478
3106 7570
1045 5643
5337 7262
3299 2878
5821 7153
1071 5860
5212 7935
6886 3643
1764 8390
1247 3070
1202 9884
7341 3998
8275 8034
325 9988
7253 1302
7715 6172
8478 2811
8406 1251
6380 5791
6579 2463
1153 7301
3695 9280
409 4785
800 9026
7110 7754
689 6300
4048 5168
4516 1323
9657 3247
6629 6200
6997 5086
7471 9358
3874 3674
6537 8533
6315 935
5366 5308
7976 6124
3733 4904
1400 8794
614 5292
7860 9835
2832 342
8060 2843
6112 3
9906 6362
3538 4963
7369 7319
9923 1880
4296 2758
4020 1185
7884 510
8171 3391
6324 3894
5013 7050
6257 1173
8590 6512
105 2601
2653 3336
5122 1266
3311 7263
5108 275
6410 9317
2383 1290
1486 8037
9065 6662
1303 575
8559 2186
4958 7910
6151 7054
7576 9674
1774 3243
2727 2258
7099 33
3373 956
5494 9270
6095 5651
9531 2111
3094 3229
4275 5087
1344 8426
469 1572
5278 4873
8433 6738
4166 5853
2514 6493
8308 1104
3275 9692
3906 4255
9798 9159
4546 8836
6210 7408
2575 6911
6434 5001
7651 671
6582 7112
7549 840
4598 2118
2857 4994
6302 7913
4464 7521
1622 1276
3088 4756
3526 8781
564 5732
5745 6293
6025 8712
312 1479
1227 601
8212 5110
9504 3699
644 7870
6524 4317
9960 6956
7230 1571
7367 6022
3936 2504
125 9039
8920 7085
2423 271
1549 2335
5063 5119
3118 5696
7441 2037
6072 7276
50 6431
6063 1686
2724 2362
2212 5747
9352 984
7081 3269
8674 2341
806 3024
5057 2121
3074 7514
6835 9834
6603 7311
9043 8340
4003 1955
3689 4250
9419 7317
9579 9252
7664 9238
289 2620
9537 2361
1197 596
1318 5913
7140 1227
3086 7120
2493 1313
978 4672
8149 6113
8628 4530
9938 1175
8775 3517
8051 5976
7719 3776
5538 9791
2502 8201
4420 7857
2515 5315
5786 2949
4883 7932
152 4654
1164 1025
1109 5035
3054 2953
8385 7130
1609 2480
3110 7049
5902 9951
4422 6804
5774 381
963 4533
2656 9015
9590 4401
8112 3191
4510 6386
6545 6301
2592 8833
532 7176
1706 2602
5876 3823
8824 1411
4104 7288
6692 7381
3260 6006
3171 7455
8595 2036
6939 9261
1284 4936
5319 1947
3590 4405
3502 3338
8238 3170
664 1630
5772 1076
9940 3798
8726 60
2853 5536
345 684
6038 7626
8091 1602
7840 5415
2655 8674
7234 8378
309 8321
4581 2045
912 3526
3561 4919
8737 9950
9890 7184
1831 63
5087 5835
6393 7469
3444 2158
7604 7157
6013 462
185 4050
5766 8448
2841 8551
4345 7674
9949 3214
410 7253
6163 2207
2646 4508
2988 3346
8786 2290
8201 4047
6760 2449
3389 3020
3709 6376
9091 8303
4686 8020
7373 486
5937 9137
1357 2005
3931 4015
6645 6731
2921 9324
8845 1367
5935 7318
9387 1764
2148 5883
443 2665
6930 5884
9510 7472
431 3745
3455 8203
1754 9565
3485 9679
8725 8047
8570 2938
6069 1967
8421 6055
4852 648
2013 9507
3933 722
6952 6288
7612 143
8106 8677
3126 2115
3477 3031
4145 4743
3022 4419
7048 4744
6194 5429
3642 9854
8022 2371
7819 4014
4350 8846
8812 4537
7517 5212
583 6400
5507 8563
9609 8
7214 6105
4947 449
2284 9874
3588 6786
2598 7654
6175 6087
2332 1656
6449 9849
537 8634
62 4846
9528 1800
4860 5314
9445 5304
7502 577
3227 8438
7963 7426
3724 7658
9066 4661
7911 6588
901 3627
444 1306
6070 1085
2167 3890
8190 457
5469 168
7562 2079
5806 1189
6381 544
9218 7939
7340 7471
9806 9628
1159 6539
4203 6822
1714 6630
6143 7070
4103 2562
2047 2440
3257 1754
9755 9290
5460 3274
1266 8733
4075 9681
2129 1488
4340 4083
1708 5794
4847 3999
3576 1404
3391 546
2194 1177
8153 6903
8114 3656
3570 6155
527 6422
5491 319
8563 4002
6033 5322
151 8395
3167 6929
2311 2144
4649 2545
947 8944
4300 1140
6778 7434
991 7116
2020 3814
9861 175
8372 8893
347 2471
3809 1879
9743 8059
7271 7342
7995 1475
8203 1329
8807 9838
8992 8138
6126 780
7087 7337
349 18
2337 4477
5676 2798
6584 1894
7270 3695
7487 9879
8418 2431
9605 1633
3662 8542
7195 4883
326 8631
7454 7706
3628 3759
9615 3907
9553 1108
1422 100
5651 9519
2530 7154
2705 4621
221 9949
4442 7769
5357 7516
5380 9173
4904 3540
3530 9962
789 9363
7484 9661
3308 5892
2486 5551
170 4409
2590 9890
2509 5623
3622 9249
9025 9060
1832 8082
2732 676
8757 2398
1895 3328
6640 9726
2004 5491
2031 8805
3329 1400
3412 5028
8827 2581
295 4913
1393 8527
3974 8924
3598 1959
9307 1461
1578 6373
3337 3903
7076 4761
9450 8103
8527 7496
149 6126
6549 9637
5213 334
5858 2969
6845 1412
563 3052
9455 6212
8167 369
761 6394
6621 3053
9498 1368
7900 7716
2985 5634
622 9929
1308 7012
4210 9398
7730 6795
4290 2893
8694 7541
2687 957
4737 4200
5585 8690
8045 4991
4327 6513
6379 3624
4801 5635
876 5617
1892 1709
4707 3967
9583 795
1482 3003
7975 883
5322 395
2261 3138
2448 7493
5109 5819
5053 1155
6398 1915
1837 4130
4419 4396
7252 5841
3795 1242
804 2851
6131 7649
6966 2705
8400 9112
1742 1035
7760 4669
3572 6676
9117 6140
5961 975
3251 2263
766 7714
8101 982
4989 7405
9966 738
5409 2249
7126 4675
3057 1211
307 931
6972 8158
3281 3706
2667 1684
520 7785
3567 3290
3511 6390
2710 9250
5520 3183
216 5367
3777 6209
7377 4383
5811 387
8659 955
4590 1042
9737 8237
2976 208
6041 853
7867 7163
2349 4787
5383 7583
6028 9006
2389 2764
4715 6971
1287 2533
958 202
4032 7291
4983 2981
5369 8624
9173 7670
6223 3037
2741 5862
6479 8264
456 2033
9469 2385
4472 9579
4375 6785
3472 1806
3778 856
1987 1881
400 3646
3445 4487
6177 1463
3109 5717
8181 2196
8420 991
3468 9099
2733 4438
7055 6240
6239 1402
4832 1333
2122 2062
8508 2199
6330 5647
794 2810
2243 2965
66 5272
1517 1589
2719 9508
7445 1704
1819 2622
7756 9475
795 6085
1221 841
5371 9947
1824 2505
2894 281
8362 1935
9551 6137
7307 9780
4774 9908
6774 5621
6419 1999
9079 6947
1899 7215
4576 8436
5717 343
91 3216
6706 4378
7591 9365
5722 506
2214 3582
8683 1805
5653 2715
3356 5378
2638 6783
1502 3100
4567 7280
2649 2881
60 5909
5578 3989
709 6468
2735 7329
5667 4310
3492 6256
8268 6120
416 2166
692 9217
477 6651
2843 2217
5323 5809
9392 9794
9080 1557
3800 5869
2101 7800
5284 6917
2768 9770
9951 7397
3254 5596
1598 2124
2848 8820
6756 9783
4142 3124
5347 1159
3549 5169
6491 3878
6292 1077
4856 7437
673 7879
4000 3638
4901 3283
5263 3785
3731 7174
4985 1215
7100 9706
3103 9357
1373 1156
7552 443
3005 3330
3062 7373
7181 2653
823 2516
7978 3423
1389 6906
9101 6383
7972 4094
1976 5632
146 6498
511 3717
5073 9086
8537 1666
2320 5467
32 6725
1027 4325
7221 4500
1475 9672
9408 3291
5955 4746
9932 2447
6528 7295
8004 1809
4346 1837
3055 9441
9269 8513
4888 2872
3686 7261
4946 9198
1128 6704
2331 1180
2614 498
6735 9282
5137 3357
9147 9065
4288 4111
5775 2591
6430 7886
8804 7550
1902 9453
8367 4398
837 2000
1293 8625
3313 5438
3937 3232
7539 8639
5596 9431
7744 8814
4772 199
8448 3909
3960 4827
9033 4261
7753 54
3193 7763
9375 8149
5168 990
5190 9389
9662 2745
7920 807
3764 1395
4328 7430
3336 8880
2944 418
8861 7125
8653 2625
1552 5620
3040 6558
4348 880
7882 8502
9778 8993
8766 2645
4431 2183
4072 2912
8226 1403
4212 7491
1426 8554
9913 7330
1897 6533
4803 9608
9227 8202
1026 5487
3330 756
2790 173
184 4558
8364 3988
9081 5523
8295 3169
3884 9812
7049 5969
6877 4723
6500 5532
4277 2747
2952 6169
7066 9666
3149 2306
251 1432
4782 8813
6846 8451
4272 9989
6509 7845
8056 8539
4640 2771
9612 5207
3785 9356
4127 3131
6130 5109
5588 1603
8678 5116
7010 1001
8415 5455
937 5075
4321 6661
2631 7961
3837 9609
3044 6175
5484 4435
3712 2330
2804 4457
9524 8946
2830 4711
5166 7832
9750 1907
8626 2995
9908 9103
1384 8827
554 3324
841 5005
7881 3034
9312 280
9847 1055
2986 7663
2762 4687
6176 3589
4959 7464
7599 8629
2717 3196
2393 8638
3051 4353
9601 3600
6227 8301
7338 3569
2689 1618
6616 1142
6279 8305
5618 6127
1937 2955
3352 5010
8423 6623
2943 2060
1627 4025
1857 2820
5518 9840
649 1960
1885 8098
6246 3658
5523 8890
8997 3401
6575 6984
7820 9392
4475 6959
1378 2954
6587 6026
882 1918
8589 5905
9436 1377
2409 8260
5863 4091
8461 2874
8169 7232
1455 4402
5229 367
1662 6436
7477 5266
6748 995
7399 5274
7849 2311
4635 7510
935 9784
