9402 3457
1321 3644
7947 1715
4287 9627
604 3544
8 178
2386 5309
9609 6527
7705 1168
6114 399
5233 5948
359 9021
4468 2586
8010 7359
3246 2419
6784 7116
8820 4552
8836 855
1544 9243
3162 9322
9232 6289
9071 4920
4351 9786
9996 7688
1444 9935
6959 9673
5499 9921
1526 7
5934 4913
6717 4794
4104 2424
7295 21
1537 3488
3231 4873
4771 1798
1599 2109
749 52
9644 9311
3292 6109
5905 5840
7975 1858
3174 8987
8433 3292
9436 5676
8253 6669
466 5283
5921 1820
4013 3146
9860 4130
7041 1960
4987 7510
5856 9514
9653 7039
1960 1926
1470 5411
8195 5943
8606 3961
3263 218
1915 6807
9965 4283
4390 2005
5117 2825
3215 355
6223 530
7926 237
3650 204
2263 5199
9787 1230
3439 7209
8555 886
206 2512
3093 4491
2772 4535
280 4874
5455 4058
9139 3616
5016 4083
6138 5412
6184 8680
8641 9425
6377 4473
4738 2570
2079 860
8008 1466
882 3955
3037 7644
6929 1910
9731 8525
6517 6484
1573 8811
7230 7970
4020 6292
1460 5447
9883 2149
7310 8571
7327 1216
6227 2427
1253 4507
8466 4006
6987 694
7716 3599
4972 5212
6703 6243
1408 5714
3149 5501
4356 2895
7396 7431
7990 3474
2821 1863
304 5164
8814 2701
2024 2327
4115 3152
9657 2552
5916 1367
3073 2918
4200 7879
8237 9541
7398 4028
5398 6745
8469 8206
4175 219
6727 7254
6910 7427
7953 9131
9872 531
7778 1969
7841 5477
8062 141
2330 8992
6185 5139
8138 9022
5009 7731
7656 7675
5299 4070
6005 1110
2672 6864
6162 6518
9881 281
4355 7682
5245 2365
6526 279
7996 7625
2592 908
4765 23
9173 1942
102 1498
7363 1149
936 2729
2992 3535
494 3305
9994 3190
9336 8085
1838 4090
6077 1503
5932 1538
8151 9730
9663 8375
1021 9361
3157 5874
2530 2010
4412 1782
243 7706
6916 5444
8600 3843
8056 3035
1243 1804
7683 9159
3803 7822
1641 4205
6078 3753
5931 9760
2376 9869
3988 5346
9939 1639
5216 3504
2364 7074
618 672
1595 5524
1728 8993
742 1340
7830 8562
7582 1995
1131 5757
506 2040
9035 1676
2081 6192
1369 1025
2639 6576
4345 8783
7406 2148
8187 4792
333 7388
2246 2600
3094 425
7224 3823
7851 180
7201 2926
7325 1827
9152 2270
4529 4989
7823 7148
9492 9540
1044 9010
4781 6657
5955 1377
4687 5693
5901 4590
555 8949
1372 3948
8232 4510
4519 6973
4585 6090
4492 3548
7752 9041
7057 5303
7279 6084
6086 1941
523 6296
1404 4859
4090 2660
9907 4113
3907 6698
8774 341
536 2876
2840 5413
5512 6881
6071 4622
524 222
854 6962
3428 4702
7095 3525
5628 4634
1272 3290
2583 3686
1869 7862
6548 9
8965 507
2224 6942
7604 3006
8103 7313
1232 3879
2098 6945
1212 9141
5741 5966
8525 7956
500 6077
3043 3257
8609 3422
2463 8771
3010 438
4616 1856
2475 2428
8312 8334
9314 9979
6363 7508
3655 2304
3631 8079
9242 6040
2062 4544
6868 3797
2674 9967
5186 2510
3938 3976
9192 1399
9378 3239
79 728
9322 4753
6336 6654
3083 5111
5330 3358
6244 2980
8623 9880
7225 4969
159 1578
6513 8896
8697 8151
9029 4391
2233 9849
3829 3547
8912 8121
6099 3690
4455 752
3034 8413
2448 3824
2690 1457
2201 808
6303 6984
1217 6955
1001 4541
201 4227
654 8954
7737 3660
971 3377
1878 1730
8852 7591
6024 7280
9759 7718
528 8434
982 7399
8893 9145
3683 738
6666 9929
3696 9139
9262 7087
4809 5800
1520 3149
7718 4661
1267 3327
9395 7877
964 2643
2763 4664
7176 4958
1968 5072
1839 9304
2914 9023
820 8360
498 2791
6969 7501
4703 9629
4190 4151
7265 760
3801 5471
3312 7259
8776 5566
3506 6086
4552 2223
9703 3809
215 4613
4177 8054
8636 1953
5423 1454
8478 1173
1535 1071
9583 6370
9755 5865
537 7883
6016 1387
1919 2598
3707 4618
459 841
5581 3925
7138 6854
848 879
5637 9265
2284 123
499 7238
162 4768
5509 8808
1116 8223
7946 5185
43 732
7597 8628
4321 4601
1434 6432
9679 232
4477 9207
3772 3014
2169 3715
2064 4525
6869 350
8942 9728
2980 126
3981 7592
6290 3157
9730 3042
7031 7464
9234 2132
8480 4281
7872 2804
4427 144
4148 7873
2241 8185
4900 2454
539 413
3155 3593
7347 9242
1716 3813
2886 9682
9439 1927
1777 6879
8415 2616
2630 1874
1965 711
2491 9421
9711 3151
6442 6424
7762 2517
7967 9222
8872 9083
7708 3050
3529 8028
2529 1720
7506 9905
175 957
5534 4604
6842 1412
4126 8219
2177 9757
4683 3313
6079 8452
9640 4309
5946 2412
3659 8830
88 6114
4996 1794
2895 4919
1353 8177
6679 3792
3794 3159
1462 2021
3183 9878
6233 5032
6748 5615
2063 49
2418 6461
8517 8070
825 2994
7997 6244
5969 7055
5386 4086
9695 7166
6385 306
4473 8751
1094 6954
4286 333
2155 7446
676 1001
1793 6050
9650 740
9882 2184
2542 8462
8277 7797
8299 9519
1862 7357
1420 7912
1418 5516
2047 7384
3541 2781
5752 1737
5544 9751
2593 1207
4002 7674
2870 7507
3016 5388
2057 5851
7850 3849
7501 6939
1811 8242
2240 9271
7464 7830
3217 9009
9371 6884
6081 3112
2370 4147
5444 2384
4320 5543
1119 6284
4489 1900
26 3529
1002 994
490 2191
7859 7763
7467 3569
5212 2532
1005 6226
185 187
4500 4956
1662 4358
6293 28
5505 9228
1671 6194
2326 2385
2414 4974
6069 5735
7685 5736
6627 1158
317 9467
8712 4941
2472 3376
1702 7938
7304 2355
6120 3522
205 6756
2090 3412
9033 3080
7867 889
4347 405
1154 278
7836 7420
1984 8952
6541 3138
3254 5008
8902 7615
2785 4214
7175 62
5422 5748
4183 1119
8878 2744
5668 1034
4822 8806
8927 7373
4478 970
7422 3584
9106 2585
750 6350
8201 290
4091 8381
54 3718
8634 1492
8116 7086
9125 1620
8795 5086
2790 1431
581 5545
5256 7202
229 3446
9349 2948
4984 2884
3124 1817
2524 8681
4556 6202
954 3194
4958 1610
6132 2753
3566 7362
2812 208
9740 1865
45 8472
1477 814
5854 3354
9455 6774
3030 1182
5732 5121
3003 2373
7824 6059
3618 5763
7794 2733
6297 7517
8962 8330
5885 2237
2014 6115
1437 1228
7045 5588
893 5249
9578 4831
3339 1460
9978 9857
7195 7940
3587 5919
925 7175
7905 3748
8254 6325
8638 3950
4135 1963
8538 3300
4353 9380
5917 7075
4927 2824
6982 2815
1548 6390
8931 9620
6787 9392
2662 3514
4549 469
1000 6946
8260 622
5215 1501
8319 969
941 7320
1281 5248
1832 1140
996 1814
7187 2203
7055 647
8743 8403
1485 9553
2893 1666
4312 4866
5762 34
20 8697
1038 3178
4357 5401
5067 2796
5666 9711
6611 1490
9720 56
1277 9978
1882 2682
4636 8191
8120 5496
7322 819
4212 4414
5082 4051
3940 58
247 7450
834 6640
8444 7486
8880 8730
6237 1255
2513 5682
3599 470
4828 1989
1759 4432
4318 7188
2217 3279
9153 4720
1945 8295
508 5883
6532 6647
4215 5590
8009 9349
3484 452
1143 3972
4517 4571
2876 3868
2211 8670
2520 1871
1620 6801
390 8027
3565 4360
9748 8252
5363 3214
6880 5829
7790 427
9390 4133
7993 4211
7395 3679
5291 8025
7440 5120
3161 2558
2906 1042
8716 9001
1852 2261
3622 5525
2282 8389
6409 2597
3652 8267
9626 8861
5761 7839
7630 7480
9240 2654
4501 2374
9705 6804
9767 7640
9331 3980
3700 8433
444 9171
6667 3216
3999 6526
6498 8373
9454 5561
1958 196
562 8291
5162 7285
5963 9582
8176 8380
4147 4888
7145 1594
6172 4091
4970 8095
5909 6755
8594 1263
9628 5759
6103 4770
9563 5288
937 2547
6738 1319
9651 5550
2946 9276
4749 1968
3942 776
1705 6045
7552 635
2629 5817
6004 6187
9434 3375
7023 7516
7679 64
5369 8676
1173 6746
7433 4020
7092 9931
195 8710
1778 4456
9950 710
1061 1564
7882 6344
7112 2795
425 5903
8440 2231
5756 3411
5939 5380
2632 213
2944 3722
7865 1547
8708 5400
1157 6355
6654 8849
9612 6536
9824 184
1883 3110
488 6838
5682 1644
3816 2638
8790 8984
4128 1986
9969 9695
8552 706
4329 6700
6328 6663
5915 1292
49 6269
6851 2562
4914 6411
2868 1496
8093 5481
5779 3203
619 5519
258 932
8886 4449
3353 8376
107 5860
733 6725
7789 6999
1685 4714
9210 9292
6807 3231
7922 7549
5352 1163
7709 5446
3316 4436
3371 2800
2359 9073
1806 3182
3468 7726
814 8996
3651 5034
4415 9569
6843 8208
3612 5445
5847 6724
7785 1192
6056 7164
2460 7657
4578 8128
3120 8029
9201 2417
909 4177
8221 9481
3267 670
3290 1774
6573 4948
8660 4589
766 7494
6962 4976
400 1626
1338 9843
1948 4813
9943 5061
3163 832
8284 9189
8493 1784
9321 1523
9326 5040
7897 3876
5410 6209
3049 7265
3450 8063
154 1497
3611 5671
5345 5629
3507 9143
8887 3750
9295 2596
4856 5493
2461 6627
9834 6014
117 5395
478 5341
4789 5996
1723 7293
6636 7077
8388 2062
3523 888
3403 4116
6767 2732
9127 2904
9738 8577
8898 1983
9807 3409
8163 8621
1459 9508
7101 1471
8839 3851
2798 6935
2262 4917
4634 2233
6903 5328
6565 1010
7183 4355
4877 3269
3815 9791
7065 9151
5950 2565
781 5450
5160 1147
5942 9042
5858 8590
6655 78
7068 3040
5869 3507
8675 8173
6695 3102
2516 9400
9913 1416
9765 5036
4222 9147
3239 4082
9992 3555
7646 7729
8214 6264
2841 4183
9051 2250
123 4479
2454 2920
1072 6188
3665 8052
8760 6271
4182 1587
7613 8944
9900 3633
200 2822
3459 2491
8933 924
4999 5068
955 5583
9208 118
656 7250
8026 5760
6369 4988
2039 7717
5736 9653
5312 8279
2249 3763
4753 1122
57 2563
9546 2816
2130 4048
4409 4131
5259 2998
1414 644
9800 2077
5743 5867
1966 4207
9477 7143
9957 5094
4 2526
3972 9765
5024 998
3419 234
3430 7231
1132 907
7058 7869
5787 1886
5184 3907
3302 294
9448 3726
6688 2440
6270 3120
891 2164
968 671
3053 4312
9179 9198
9923 3004
3851 2704
8583 9708
4069 708
2761 2313
4199 3952
2894 7276
5857 7933
5792 8218
4680 4232
9243 8474
3680 5722
2623 3611
1171 6704
2068 2337
9415 6570
9129 1776
7416 5432
899 1582
1876 3508
1316 1355
9083 4007
652 7795
5866 2354
6112 5135
7313 9836
6643 2229
4541 5454
8489 5299
3909 2506
6820 2912
9690 6910
9518 2797
6933 4999
5359 7954
7314 8872
6242 1673
9182 1975
8837 8087
9779 1760
4045 5371
817 3963
1531 297
6945 9698
8332 403
6411 9635
1754 3109
8383 4311
7361 4316
5442 2123
9493 3419
2836 6079
1647 8125
1192 8256
1623 4615
3079 2197
3366 3467
8141 7629
8865 6434
91 910
5864 1424
3057 172
735 3642
572 3117
6434 4580
119 6983
7249 1415
1926 9975
7877 601
2615 5461
63 696
246 9382
7773 5159
5774 4582
4018 2085
2381 5674
7252 9667
6202 9782
9156 4882
3882 3887
5370 7145
3551 9547
1891 4995
6557 872
7606 351
789 4718
3543 8501
4848 5647
9280 6742
9275 7267
4465 6403
8823 9639
1743 6234
9297 6965
4210 8569
3709 9199
9781 5962
5994 1552
4998 7932
4499 664
6574 1948
7081 2690
5167 3793
7344 1859
5707 796
3278 3697
9601 4789
6798 5251
4413 3111
1344 1868
3819 577
5727 4199
8377 9624
681 153
1278 2094
1868 9868
2576 4850
8286 5631
5592 3620
289 8877
6927 3815
711 476
203 6778
1911 8418
4507 220
2801 2157
