813 737
588 201
842 389
83 496
497 229
781 142
268 612
38 215
1 855
150 887
679 898
601 715
482 535
778 13
753 194
383 797
328 174
789 18
23 664
280 341
501 572
822 927
203 688
748 636
894 634
424 314
933 384
552 387
553 541
699 399
97 297
198 130
577 696
567 501
717 56
825 190
747 434
272 609
989 765
823 408
625 99
703 452
91 252
865 826
435 92
344 914
96 618
371 687
820 892
420 911
964 457
257 458
456 803
965 852
969 390
774 816
202 79
718 530
651 437
816 483
299 311
100 723
47 837
603 419
925 88
206 197
848 961
672 697
370 273
499 463
853 500
199 740
528 947
590 177
661 19
715 23
914 551
949 127
516 258
30 604
649 822
952 370
251 193
617 263
441 515
312 930
366 338
604 942
123 261
92 421
513 901
902 432
695 627
538 498
204 275
120 617
623 487
961 673
275 491
320 504
