3424 4764
191 1492
8542 7951
593 8852
2589 6867
3915 7772
277 8924
901 8808
2413 745
6018 711
3928 2095
1920 4168
5540 2397
7641 4956
5829 2736
4598 9139
6428 9579
4315 7422
5642 7703
3746 2916
3382 9733
5820 8069
5135 9965
3661 5680
5008 8284
8379 8698
6889 5691
3792 7143
9457 1925
7464 3414
6880 8175
8022 2064
1294 3768
7555 2362
9252 9125
5898 3236
7198 783
9333 1914
5164 6960
7383 2089
6638 5351
1079 5388
8033 9926
308 3691
3207 4963
2299 2481
8749 446
2822 3291
285 4659
4696 2675
8684 3461
8110 2119
2486 3630
1637 3864
1905 1447
6478 7728
777 7748
1206 7189
7679 701
9093 5648
4847 2340
6578 364
8226 4563
3808 5070
2937 3650
8908 9116
8194 5205
5797 630
1284 3090
3855 5547
5081 7569
5100 7515
2696 2297
5215 6182
6339 4374
7808 4298
5508 373
7235 5457
1216 1200
4464 2375
7774 2643
2329 9427
1891 8499
8069 4394
6387 39
6163 7241
253 6345
4261 1189
1513 1681
4706 8104
1053 1503
678 1532
7384 131
974 5289
4179 4002
2595 1665
8191 4454
9258 1866
7881 4173
8167 4258
706 9170
8198 1967
1011 7117
1339 8616
7575 6413
3798 8954
9722 845
7359 2662
4189 4330
1392 732
147 7720
925 2993
5458 5797
6223 5781
7105 6217
5691 4480
917 7955
4954 9638
9756 7900
7302 6903
5108 1577
8987 7774
507 8275
7062 3358
6310 8426
247 1935
5704 197
6365 2575
8489 7706
47 9027
2358 571
4113 4392
4087 9957
8176 9556
8399 3125
5424 4284
5323 7808
3995 9377
9616 6529
5158 9890
8060 4476
5222 3223
42 6907
9911 4770
5823 7877
3689 3657
5572 3832
968 9779
8283 8980
1774 9809
9435 8677
6540 9106
5486 3429
2110 7554
5500 4396
1609 906
5630 3284
7511 4504
8975 3460
7934 9929
9371 2496
1991 4749
6455 1629
9521 7030
76 8717
1643 3298
2548 4322
7569 4821
2619 9107
3211 4182
9484 8564
8919 3085
9012 5214
5279 8594
6043 1406
6648 3001
3827 9285
9128 5899
8526 5986
8685 4581
7650 8673
9621 1818
2564 8530
5551 7148
7530 9069
9905 9492
9285 2996
6682 9507
469 9824
5522 4971
2129 93
4473 7478
5852 3698
3060 5271
990 3761
7635 6714
9561 4079
3485 5777
1627 7203
1101 3901
4128 4373
3362 2442
1160 1491
7276 1142
8771 975
2643 9789
3758 5891
5278 8872
2574 6056
913 3459
6035 6349
6849 8333
3704 4369
2788 4072
6100 4307
9329 5125
2403 8549
8214 584
2840 1656
7845 7893
7755 152
7672 9656
7664 3529
9771 4214
2803 3214
7086 2592
1121 5097
6932 2026
4490 7799
7239 5293
4049 7116
391 3348
7405 8041
5448 1144
6631 969
2771 2629
559 590
9570 4017
62 361
7529 563
7291 6958
500 7312
5505 7283
7390 5914
7601 810
9775 9650
4291 7626
6396 5697
7446 7698
7243 176
6639 6423
2044 1568
2721 7721
5130 4181
7375 8331
7857 4539
5414 5652
9358 3995
7676 9731
8518 5784
1388 8394
3500 5302
3606 1421
2785 3922
9037 1151
8290 2570
6543 4634
1784 4133
6537 9233
5431 3170
5299 6455
7370 9121
4163 4208
2883 3678
4441 3782
6785 208
1975 5530
4981 366
3596 6838
4423 1155
2680 5768
9424 4951
4262 742
4758 3504
2489 5702
7360 4566
8368 8204
3940 1396
2448 721
7890 4547
8486 2959
1973 7287
3969 9911
3550 6572
6473 9237
7019 7438
3619 4885
4699 6934
6678 702
7697 6964
6598 4290
7707 8675
3700 4354
5269 1642
6243 7580
5781 5297
5614 9678
6197 2463
5385 1450
5479 7043
1581 2802
2159 6713
8132 201
3697 7368
3734 1702
9346 3957
1193 5789
2932 6641
8673 1004
5018 111
4205 2071
3527 8854
3913 6416
8153 7511
4112 5064
8092 645
3031 4382
3841 104
7958 2395
6080 7576
2636 8213
8512 6971
3519 5597
9169 5535
8705 5672
5387 5536
1848 1295
9796 115
690 7449
4283 1012
986 2074
3643 7113
639 3546
5792 7172
6451 5678
5403 9734
8519 7847
4854 9449
9668 6611
9614 5098
5188 5851
5282 758
5916 9231
6911 5274
9079 63
6246 6522
132 5653
7787 1027
9337 6032
3730 158
6837 2009
1070 1951
2748 6589
7151 6003
2253 2540
2009 4801
1018 862
1460 145
727 4852
6372 8192
9884 2818
8778 1135
7119 6629
5884 2785
2514 1330
8783 2865
5633 4347
1489 3874
2278 1903
889 6387
5698 6111
8566 4721
4276 6880
8453 273
8323 8212
790 4467
7204 6576
8212 9100
478 5748
2380 7336
123 4076
9592 2038
7222 3307
7897 4879
3629 6702
2366 47
2781 1669
8305 8958
6388 8714
3927 9412
3589 939
6987 2913
5440 1624
8119 3549
784 4479
1978 7367
8950 2097
3007 5506
6514 797
9402 4618
4642 2533
5174 6450
1778 7270
4453 6150
2541 1671
8480 8037
197 7008
3997 2266
4199 8085
7274 9000
2342 5189
6507 1227
4611 7471
1189 6896
8594 7707
6219 1799
3636 2695
868 3925
8113 4585
5712 5439
2776 7747
2926 6732
3220 6759
1850 1034
1676 2433
4863 1527
6028 9747
3068 3586
3923 9787
2164 7536
9489 6773
4835 7
7100 4672
2185 3895
9276 5310
7895 7891
4086 9930
363 3799
2227 8885
8458 163
624 9828
6127 2698
6984 8321
1362 3871
7885 1344
5464 5487
9932 3083
2772 2934
5998 3048
9185 2408
7547 9287
916 5729
7950 3942
5469 6346
9773 1668
9895 9933
3937 8849
6652 2374
5996 6959
7202 6749
9497 6411
6512 1392
6011 7550
6201 8248
1111 4193
2363 1695
4542 2884
3934 6729
2011 8973
1561 6219
1126 6384
3562 2425
6628 5529
3429 3622
5157 5959
1252 7376
7089 9192
5875 8083
3578 9207
711 2789
6235 4359
3277 7978
6926 2955
8989 3720
6817 5027
295 8087
9312 2471
263 185
109 5005
2335 9437
1403 1652
1540 8407
7864 3555
5240 6186
2975 4434
8468 2856
6751 436
7562 6400
8907 8463
753 2193
1912 7146
1646 3706
6353 1962
2507 4826
345 3918
2099 9361
8084 7635
4658 3882
4938 7733
9065 1744
4999 2935
5252 2439
6060 1104
7497 1517
9998 1077
8300 4416
4033 2637
1102 2370
2460 6332
5088 8895
6147 7039
5451 130
8877 8467
8160 3323
6986 819
4477 7970
8654 6474
2825 4511
5073 6449
7267 6847
4842 1748
3600 1469
85 6294
6046 2356
6247 9035
3760 3734
6617 3797
6144 8012
4161 1851
1263 6843
181 879
3269 9688
1107 6704
5941 6530
519 9892
4901 3615
8443 9783
3822 2862
4903 8526
314 7567
131 9081
3022 7991
2418 4628
2183 3355
993 715
9965 5409
5212 6245
3284 7033
5200 7290
1338 19
4384 8637
9892 6995
2467 9754
8461 3805
796 4813
3717 2897
8534 3302
381 451
2869 6311
1712 8214
9958 5106
4185 9645
3472 7067
3144 7195
4744 9076
2082 6137
3899 9197
2382 9470
102 5167
5237 1126
8261 303
863 4580
2170 7987
125 9371
8826 729
4325 7766
2375 194
1443 5437
9123 9388
5347 3485
8822 7078
9626 37
2161 399
8797 7494
3419 7740
6106 5136
1702 6070
6370 5699
2583 7976
1106 4742
833 2264
8609 7790
9423 6827
2701 751
3906 2431
4544 1529
9492 1166
8473 8440
2848 9774
9286 2365
3073 5410
5235 5470
2787 3532
8297 9605
879 8878
1015 2578
6892 7683
1819 4445
2862 4325
6157 4890
9541 882
8148 6124
1202 2560
9516 9376
7541 5602
3875 8244
7805 1147
5217 737
3765 66
3753 4381
6193 3383
2303 7271
4936 8286
4171 12
9292 9157
2047 7956
4868 1958
4578 4295
8795 3652
3882 2823
8041 1628
5932 6977
5752 5190
6993 3263
8938 4735
7812 9791
9813 4331
7499 2042
8071 4387
7351 5450
3233 1840
3480 7321
8209 7785
5504 2147
7199 3569
5804 1462
4148 2164
4752 7544
9310 7654
5409 2309
1204 396
6089 2139
6938 8668
6668 8472
7509 5308
4273 8099
9899 3211
2343 4417
9929 7004
7572 9691
8491 9683
1279 70
2261 486
506 6276
6569 4224
6113 1273
649 3003
7178 8049
3699 2352
4227 945
7914 8842
6955 1274
3130 2515
7533 6657
5329 9706
3592 1684
1323 8345
2333 8927
3460 9098
5151 8125
5529 4444
6407 3616
693 3008
2856 2859
8374 9019
7906 2343
1754 8371
7766 5708
9468 3889
5203 2696
7427 3756
387 3397
212 8803
2098 5887
4358 668
6775 8332
3952 613
9763 8226
2620 8274
9148 8382
4246 5235
8735 9047
1161 6319
3012 5641
2085 1990
6816 455
2339 2912
9186 2028
510 3478
6149 7265
5197 9405
9917 2623
3919 7096
352 8850
222 3365
7521 5358
8447 5327
878 7488
658 7617
7084 1865
8315 5647
7536 970
2060 9205
8021 9987
5765 665
9289 8189
4545 3751
4893 3278
8410 2137
4353 6170
1277 6512
1243 1994
613 6429
9835 2981
1282 8443
3858 4508
1062 9279
8963 3385
595 9906
4450 3463
1065 4565
110 7086
4142 1768
7256 2980
3066 3216
3754 262
7838 4009
4354 3094
2760 6818
5773 4005
9366 799
1511 5947
6307 2631
8280 2583
2254 4112
3811 2673
3609 56
4172 5495
5720 4825
6549 2289
4257 4239
9672 947
8449 4303
1626 9480
6551 8931
8064 7465
5087 9451
4527 8376
5946 9153
4274 4717
1577 8779
7161 9808
7155 6204
3001 5411
3341 3195
6571 3491
9305 5415
2664 8250
3436 931
2160 2580
4628 6026
5453 3436
6947 3418
8249 4804
334 7545
7609 6325
6563 9665
3718 8009
271 9315
8326 4362
9909 8096
226 4719
7441 557
6810 1024
1144 6738
8042 4633
4070 7492
31 4178
2877 6532
943 7292
2351 4491
7626 2571
3371 36
1902 337
8723 2149
9975 14
5974 5567
377 3699
7853 5996
3178 9229
9908 9317
9837 1036
3565 5324
849 2391
5844 7932
3458 823
6954 7331
3195 9216
922 9959
1021 4834
3638 6159
6950 5867
2208 7299
2138 6154
3551 1370
7080 5140
8607 1479
3232 3272
9208 3021
4530 9440
3854 1973
8279 2805
2276 8355
1324 2155
446 3320
6311 2319
92 4799
4224 9455
4830 1283
8770 2625
3087 7977
8428 7042
1300 1949
8079 6852
5588 9478
2295 5787
6981 2731
8997 698
8905 7817
5963 3308
8267 3317
8465 2811
534 4867
1944 4233
8028 4674
6291 3770
9663 2234
3605 7197
3067 7630
7482 3867
8250 6392
9685 9577
8095 5505
1291 8454
3751 4635
2398 103
7965 8962
7345 9201
9144 5492
3891 4216
3316 957
5855 7704
2203 3386
8500 2447
5326 2952
9772 1301
1606 7369
8000 8379
8048 8575
7542 8016
9139 2954
3728 8396
6175 4729
8564 2143
6527 6658
7834 1514
1569 6464
8164 904
9642 7540
6230 1202
2028 983
5390 3181
5570 4985
6404 9143
1694 1071
8695 1930
8714 6690
744 6485
8272 2261
75 6685
4870 5229
4375 9968
8342 4016
6706 5983
8631 8512
2960 4946
3328 7571
4281 243
704 3792
3610 1814
7799 2885
1453 8629
7346 9602
4829 4049
444 6591
2116 8654
3766 1839
4508 1269
2100 3916
5680 5526
1426 5546
5382 4880
5026 1175
3410 570
3243 5275
2613 6687
7275 6378
4541 2687
419 6318
9179 7528
576 280
3809 4528
1119 5595
4264 9286
6032 4352
1656 2821
7087 956
788 6357
8884 598
5007 484
7391 9550
2936 6328
4394 3981
3494 3408
3666 8325
5864 9481
8851 3958
1939 2743
4461 3488
4202 6923
3649 265
8510 4534
5615 3854
9853 8252
6293 4677
6927 4279
5455 5151
1224 4497
4911 3469
3154 4421
591 525
5162 2211
4184 7152
1543 4263
69 7769
8536 5121
5346 5176
2260 5953
5954 2493
2225 3004
2050 4887
49 697
4472 5442
1870 4546
5369 880
2495 7453
9059 6739
7135 4031
9370 3565
9901 632
