979 922
884 925
971 473
870 360
58 582
94 744
87 943
370 571
856 742
174 468
754 499
829 675
686 228
875 964
316 333
258 835
621 717
218 856
622 171
37 898
596 930
698 632
163 275
442 792
654 934
403 492
823 317
741 311
881 819
522 724
381 852
558 517
959 576
456 531
515 520
275 668
923 631
980 603
892 417
29 320
373 749
477 213
955 501
327 525
930 376
390 701
434 639
914 904
906 78
539 804
169 841
574 350
182 994
242 9
237 979
25 984
181 196
333 763
178 109
140 61
523 589
939 669
369 51
527 280
691 606
948 233
187 699
916 897
457 941
816 773
425 535
753 140
538 875
782 273
967 251
809 845
608 216
363 902
371 62
880 434
931 735
166 778
773 33
410 59
733 372
757 369
473 177
671 256
544 689
256 25
502 85
286 118
511 70
513 26
528 42
852 747
957 22
922 383
678 262
466 131
