7586 5649
6117 3858
4377 9394
2270 9737
3050 5641
106 958
5544 2750
8238 4835
7598 2003
9908 8193
1325 2101
5473 207
9082 330
671 3434
6210 8204
2776 3794
7406 6434
6924 3632
2575 1005
2760 5039
3900 1641
842 6294
1818 866
2170 4433
8295 3941
9674 8232
1038 7329
6286 3708
1666 2988
4771 5953
3359 6064
3675 4596
6911 770
1438 32
4371 5286
3439 4999
6497 1322
4607 9839
5598 48
708 1846
3269 1648
87 2765
6737 5097
898 3594
6207 8384
8057 504
2280 7630
385 5929
3879 7477
6959 1704
1836 6279
9779 4042
64 2432
1987 8425
9482 9217
3239 5185
3327 226
5411 8888
136 1207
1369 9530
2183 836
8844 8760
287 8203
8206 84
1390 796
9388 1751
8139 5583
8808 1338
3247 5425
6884 764
1128 1916
6524 852
3149 2655
1531 8986
9500 918
2382 6448
2828 9919
9977 3565
676 9615
888 9818
4424 4347
9095 8859
9935 34
2447 3923
4397 892
9426 2801
561 3884
1988 3134
6593 7406
3880 1410
2650 9049
8273 432
706 3371
5996 8595
8554 8148
9671 5321
9261 7146
1422 1350
5689 398
1802 4642
9571 1498
5990 428
7395 239
3442 1467
6590 4118
3257 5173
9412 9159
301 6331
6209 4032
9958 6282
5386 1167
11 289
7104 9874
1831 1921
3497 6168
3633 2609
7275 1989
4418 1606
5321 9687
1456 2624
5033 1072
4668 3990
1689 3269
8479 794
904 5382
417 1222
6249 3164
9183 7727
7023 9641
8149 132
5671 3515
4068 8478
9274 5727
1086 4965
6964 5450
3784 8109
1570 6851
6569 5911
8354 1488
6111 5687
6052 1743
4757 5432
2803 5896
4243 3029
482 4926
828 9648
2831 2140
4309 7511
2691 2536
1971 8116
9938 7448
2431 8406
195 5645
800 9546
998 3530
7380 2485
3418 1272
6372 4299
4821 8012
243 337
5809 2579
4670 8809
2305 1607
7880 6153
9207 491
4551 7019
2250 1228
1419 9983
9109 3957
4850 3538
1933 8438
1075 1666
6881 1509
7396 3509
2336 7504
6276 6781
9637 576
2771 245
4492 9285
9786 4820
9970 5206
8101 9622
5716 2419
1626 1460
794 750
4536 1036
8665 8106
2103 7143
2840 8848
1381 9585
2658 6074
3644 7753
214 8712
3325 5829
2882 4962
7761 9106
7483 2176
9692 8636
9163 8182
8938 7616
6362 3247
1364 2393
2836 8613
8989 6731
7899 625
9715 1087
4300 2578
8773 2500
1091 411
472 7562
9520 3694
9589 2422
7140 2430
8919 4447
5059 8734
8577 8678
8635 92
8801 8396
9403 6989
8883 2858
4921 2479
1054 6982
2253 3865
1691 6762
1633 9418
8056 9351
7431 3327
991 8803
8032 817
868 129
9879 8206
479 1694
6114 3099
3992 5479
7515 9258
3787 7416
6083 562
9391 539
8126 4033
3984 2525
590 1691
9781 4876
1387 1209
769 6587
6714 5083
6663 133
9643 1204
1130 5904
1323 1495
3099 6222
559 3075
9964 4002
2971 6165
1384 3107
1063 5280
490 2039
5813 8026
7705 7353
8963 5677
8775 7101
7777 5570
426 8224
1234 9985
5470 8997
5268 5787
141 6646
7600 8964
7359 8561
2435 3657
6326 9882
7836 5396
2260 4446
1741 2386
5715 6895
3790 9397
7398 2865
2121 7459
3624 4508
1783 1537
1813 566
864 6485
1968 9509
1223 2797
1353 9409
6102 9446
1698 5520
7660 5795
8553 270
3288 4487
6054 9382
1330 1523
3870 2463
90 7518
4201 8560
8485 102
3234 7168
254 3558
7197 724
4150 7145
365 4001
1692 8294
8511 7495
6835 7619
948 3839
4117 2163
7792 4040
5163 9827
9917 9563
3616 7407
961 5815
4509 7554
2167 3660
4918 1161
638 2787
3059 9751
5791 5527
6607 6948
119 6654
4960 8186
1547 9780
483 6564
5205 8277
7198 6639
4050 6466
6826 7354
9899 9878
5272 1452
9231 9147
5685 4735
6539 8403
7047 7213
3424 3005
1288 629
4529 1091
4930 8099
7566 2710
7645 3192
9314 7159
7470 8273
7208 8852
6309 8946
3053 5955
5399 417
965 5400
5326 3073
1505 1937
2795 6435
5203 9920
8911 3860
441 4983
3090 738
3459 3724
5974 1696
2256 7369
1408 8846
5536 7565
7325 6536
9823 7070
6306 9367
3461 3343
8880 5722
5495 4532
1243 172
314 8750
9052 7351
6912 1026
7711 1855
3725 4399
5304 7574
8424 2978
8231 6114
1624 4198
7590 3408
53 3622
4664 6885
8741 1744
3361 9210
1171 8624
3666 8410
177 3212
5156 4139
689 7133
1499 659
2444 5224
5384 9963
2676 821
1574 7988
8350 9002
6616 5517
6480 5437
6381 1050
9611 1531
8294 6960
2210 2380
8335 584
5856 6697
5882 4973
4423 1879
3310 5260
5251 9318
9295 6869
2989 508
2919 3146
9352 3914
2811 6632
155 6874
5014 1061
330 8339
4564 6390
7845 4272
8562 8778
6999 1089
1536 3971
4470 6449
4669 9361
2355 3943
8470 6026
3803 8210
2935 4959
5424 7007
2404 1668
5696 1449
9846 3097
834 4753
8937 7111
4565 8247
5642 6371
430 6450
9480 9570
3055 886
8811 3936
1583 1702
7430 4938
2205 6400
5583 7662
3454 7292
8899 7733
2202 9347
6927 9597
3549 533
8444 9742
3323 690
9317 6260
6933 2663
165 2486
9092 4615
809 9417
5814 8391
8130 8449
6097 549
6530 7137
7596 496
7167 6754
3125 7746
9110 3759
1618 1897
2721 802
9625 4457
1391 5104
5811 3927
4264 591
4049 9287
7694 9469
8611 2132
8703 8920
198 136
8845 5011
5497 735
3653 6155
461 6951
926 3636
9521 3040
3283 6474
5551 4335
4646 977
2127 4644
4877 788
6482 1946
591 9046
1252 9126
6649 2524
4021 4978
7439 4096
7608 835
687 9850
5151 7389
2357 4588
3272 3890
8573 2926
9517 1959
6250 6123
8222 7214
2492 8092
6214 8849
542 8408
6502 6523
2297 755
4679 1951
6818 2151
7895 7890
2964 5805
1550 5274
8395 3295
8165 1441
8527 9855
4277 7817
4157 7664
6125 1629
5683 3877
8797 1615
229 1274
8661 6789
7594 8736
5104 6332
3379 4189
248 2835
3245 9432
7613 7277
2022 1978
4174 4078
5087 2080
4840 7719
3695 906
190 9080
2920 1445
6794 9872
4455 5465
6064 7320
5706 4522
5295 7840
9168 9008
2630 6586
9059 8466
480 3035
2181 6600
1460 4031
3452 4523
318 2853
4233 7731
7188 5076
5867 229
5784 3513
9136 1611
1237 6122
1539 3854
6689 6052
6984 7978
2890 273
969 2887
3970 9480
9379 2317
2546 7586
8327 5578
9389 6336
5966 2595
3151 7785
8445 4998
8449 4353
6697 8564
560 1279
2642 7704
8940 6884
5129 7298
4535 6147
7493 6275
4761 5679
4713 3650
7147 957
8728 6509
6944 7103
1702 5924
934 7690
5881 208
3651 8955
6764 7432
4254 4420
5979 2784
7407 2522
6135 4417
1067 183
6682 2018
8331 783
2997 6395
1047 1451
1937 4059
5285 2905
8102 3210
5063 5394
7135 5428
1292 3220
6392 8413
4241 3905
3198 1915
9577 6175
7717 5296
2768 2608
9962 6581
487 8819
3967 2882
4786 8692
130 1674
8500 3648
1948 3871
9713 5769
9457 4436
96 5271
3292 9544
7219 872
1673 4586
6237 8154
4491 9208
3052 4770
1212 9735
8632 9398
8593 2263
5047 8909
2360 8375
6900 5779
2978 6665
3246 2476
5000 7202
7747 8883
4657 8865
7778 9554
8288 2674
5145 3255
8296 2320
7593 4366
958 581
9673 8525
8710 9024
7814 9640
1336 5177
6680 2516
5525 2472
1216 3614
7833 601
2665 5592
9630 1360
8732 9110
9989 1264
2454 3808
8008 3480
6767 9997
8777 1671
8143 182
1909 4184
9464 3749
8346 6463
202 6034
7176 1919
9560 1725
1308 5032
9337 8503
4337 250
9123 7744
2784 5971
4514 1806
111 9876
5403 9845
8373 5147
7243 5675
8493 9749
6104 6109
5310 7839
2880 3775
2653 1501
5197 7949
5220 1817
5423 4389
7817 482
1344 4477
5335 6162
9218 7786
4190 1387
4922 3618
983 9497
9973 5980
6448 5591
1139 9609
5007 7154
3813 2241
7399 3521
6168 8118
8366 5440
3428 1385
2693 5057
9401 254
1129 8072
1533 8718
4705 5978
146 9339
4763 2898
877 5947
7322 9197
2800 5140
2605 4504
1427 1086
4362 6649
1579 8434
1976 5617
2602 73
4109 7745
6098 8243
4261 592
3280 8572
3211 1553
8078 3123
9230 3758
8805 1155
3178 2591
6685 5067
4414 8821
7643 8341
6609 1076
1445 3071
4177 8571
2482 4665
3014 8422
350 5061
9925 7438
9800 9163
6253 3077
2196 2684
7460 7110
8192 5817
2007 3114
9834 7857
1731 7632
6359 2652
6463 8758
8947 3892
5444 4066
2207 8296
3617 514
5505 3074
3871 2598
5868 7976
8954 9402
1377 7176
1767 6297
1392 4414
10 5563
5951 2406
9244 3791
7604 4559
6023 425
3614 1764
7338 1320
8914 7852
108 4126
7422 8923
4205 2225
9544 1574
5572 964
2581 8606
6032 5969
1030 8872
4806 4346
3385 2189
4375 3305
2633 8973
6634 7884
2006 7267
433 5553
3876 4593
9270 5997
2486 4025
285 8518
2966 6524
9985 565
1179 6314
6595 6506
2105 5534
6865 5523
4601 5951
7847 3481
1215 5870
6811 8025
2438 4789
1762 3131
8290 4901
2469 463
2331 3334
8698 7436
123 2782
6026 3669
1603 9266
9296 9860
9478 7482
4623 6870
1932 560
24 5024
3766 6877
7871 1141
9166 276
2705 8379
8559 3630
5786 2833
3260 5803
2689 9356
5531 1877
298 6088
3853 4951
1354 9654
3137 5863
143 9097
6551 30
102 7648
7876 938
340 6470
855 7216
3116 7451
4913 9887
4978 7631
8916 6248
1181 8650
7144 8000
9019 6856
3441 5207
8401 4437
3356 1342
1521 5225
1541 9235
1333 2874
3536 6637
5228 7820
611 7874
7529 9132
3029 9618
4495 488
9703 171
5873 2161
1613 3716
9001 5044
4378 3797
4216 5089
2353 2705
956 6763
669 6907
5976 7564
1287 2563
2368 2397
278 2738
4316 5075
9293 2107
3893 3090
2905 7104
422 9815
9491 202
869 658
6996 8687
81 4702
5717 9689
1190 3755
2149 8007
3170 7538
2334 2718
9252 6783
7518 2603
7574 7170
5208 1577
9819 6189
7333 9992
9686 5357
8100 7385
3676 3418
3222 5297
7704 7677
4448 349
7251 5774
1007 5625
7721 1913
9406 4950
3405 4038
2321 4574
7340 1189
2609 9775
7714 6394
1853 2167
6965 9242
6127 8647
3065 3638
5489 3796
7617 6120
1557 4845
2216 5137
1073 1728
6018 1481
1149 6891
4221 6228
8411 6224
4228 6151
1953 4652
8203 7604
4520 3592
7224 695
3490 5211
6509 2058
3569 8725
4795 2070
6478 9173
8422 2374
5154 5873
5776 2075
2497 9745
3259 3800
1144 8168
732 5743
786 7622
9685 9380
1102 8183
7432 8996
6795 5636
5935 8436
9891 3038
305 5231
5479 5759
2990 5833
7249 6037
4178 9474
908 353
787 8260
4331 7990
7486 7409
3840 193
4399 6880
6511 1235
838 936
3407 4276
7027 2730
1718 7321
5317 1202
914 6980
6648 8327
1819 8812
6890 8697
9893 800
1299 9453
8464 6806
4815 7927
5644 188
4058 8469
313 8279
7765 2917
6763 8352
2956 2065
811 495
5975 4158
6506 8027
5849 9539
4802 7331
9087 6901
9057 9150
448 9726
5590 877
7934 2804
257 876
5148 3844
3081 7755
1993 5549
5796 3471
6376 3568
9757 8530
1032 4650
5699 9657
6907 3296
7911 1422
3177 1121
6038 8208
4019 4416
9277 8362
6010 6843
1877 3601
4744 8103
1104 3132
6955 5581
9726 9460
5064 4595
5066 2222
9329 2967
3075 5188
6353 5850
3368 811
8289 7571
5303 7337
7049 6655
9647 654
6066 9606
8935 9506
5594 1829
2979 8979
975 5155
1245 5046
951 7595
7315 6447
1661 905
3625 4275
9481 2314
2263 9228
